300,'1',647,,6493,2,,,0,70,,6494,2,,,0,30,,6495,2,,,0,70,,6496,2,,,0,30,,6497,2,,,0,70,,6498,2,,,0,30,,6499,2,,,0,70,,6500,2,,,0,30,,6501,2,,,0,70,,6502,2,,,0,30,,6503,2,,,0,70,,6504,2,,,0,30,,6505,2,,,0,70,,6506,2,,,0,30,,6507,2,,,0,70,,6508,2,,,0,30,,6509,2,,,0,70,,6510,2,,,0,30,,6511,2,,,0,70,,6492,2,,,0,30,,6491,2,,,0,70,,6490,2,,,0,30,,6482,2,,,0,70,,6483,2,,,0,30,,6484,2,,,0,100,,6485,2,,,0,100,,6486,2,,,0,100,,6487,2,,,0,100,,6488,2,,,0,101,,6489,2,,,0
300,'13301',2447,,6514,2,,,0,100,,6515,2,,,0,100,,6516,2,,,0
300,'3',847,,6529,2,,,0,100,,6528,2,,,0,100,,6527,2,,,0,100,,6526,2,,,0,100,,6525,2,,,0,100,,6524,2,,,0,100,,6523,2,,,0,100,,6522,2,,,0,100,,6521,2,,,0,100,,6520,2,,,0,100,,6519,2,,,0,100,,6518,2,,,0,100,,6517,2,,,0
6001,'1',617,,9708,3,,,0,30,,9732,3,,,0,63,,9740,3,,,0,7,,9731,3,,,0,23,,9741,3,,,0,7,,9730,3,,,0,63,,9742,3,,,0,7,,9729,3,,,0,30,,9728,3,,,0,70,,9727,3,,,0,30,,9726,3,,,0,70,,9725,3,,,0,30,,9724,3,,,0,70,,9723,3,,,0,30,,9722,3,,,0,70,,9721,3,,,0,30,,9720,3,,,0,70,,9719,3,,,0,30,,9718,3,,,0,70,,9717,3,,,0,30,,9716,3,,,0,70,,9715,3,,,0,30,,9714,3,,,0,70,,9713,3,,,0,23,,9743,4,,,0,7,,9712,3,,,0,8,,9744,4,,,0,62,,9738,3,,,0,30,,9739,3,,,0,70,,9711,3,,,0,100,,9710,3,,,0,100,,9733,3,,,0,100,,9734,3,,,0,100,,9735,3,,,0,100,,9736,3,,,0,100,,9737,3,,,0
6001,'1201',1555,,9746,4,,,0,55,,9745,4,,,0
6001,'12801',1555,,9747,4,,,0,55,,9748,4,,,0
6001,'13301',2516,,9749,3,,,0,100,,9750,3,,,0,100,,9751,3,,,0
6001,'3',917,,9762,3,,,0,100,,9761,3,,,0,100,,9760,3,,,0,100,,9759,3,,,0,100,,9758,3,,,0,100,,9757,3,,,0,100,,9756,3,,,0,100,,9755,3,,,0,100,,9765,3,,,0,100,,9754,3,,,0,100,,9753,3,,,0,100,,9763,3,,,0,100,,9764,3,,,0
6501,'1',632,,10167,3,,,0,70,,10166,3,,,0,30,,10165,3,,,0,70,,10164,3,,,0,30,,10163,3,,,0,70,,10162,3,,,0,30,,10161,3,,,0,70,,10160,3,,,0,30,,10159,3,,,0,70,,10158,3,,,0,30,,10157,3,,,0,70,,10156,3,,,0,30,,10155,3,,,0,70,,10154,3,,,0,30,,10153,3,,,0,70,,10152,3,,,0,30,,10151,3,,,0,70,,10150,3,,,0,30,,10149,3,,,0,70,,10148,3,,,0,30,,10147,3,,,0,70,,10146,3,,,0,30,,10145,3,,,0,70,,10144,3,,,0,30,,10143,3,,,0,15,,10135,3,,,0,100,,10142,3,,,0,100,,10141,3,,,0,100,,10140,3,,,0,100,,10139,3,,,0,101,,10138,3,,,0
6501,'13301',2447,,10168,3,,,0,100,,10169,3,,,0,100,,10170,3,,,0
6501,'3',847,,10176,3,,,0,100,,10175,3,,,0,100,,10174,3,,,0,100,,10177,3,,,0,100,,10178,3,,,0,100,,10179,3,,,0,100,,10180,3,,,0,100,,10181,3,,,0,100,,10182,3,,,0,100,,10183,3,,,0,100,,10171,3,,,0,100,,10173,3,,,0,100,,10172,3,,,0
122500,'13803',1032,,10603,2,0,27 12,0,100,,10604,2,0,27 12,0,100,,10605,2,0,27 12,0,100,,10606,2,0,27 12,0,100,,10607,2,0,27 12,0,100,,10608,2,0,27 12,0,100,,10609,2,0,27 12,0
