4300,'1',626,,9119,13,,,0,30,,9120,13,,,0,69,,9121,13,,,0,30,,9122,13,,,0,70,,9123,13,,,0,30,,9124,13,,,0,69,,9125,13,,,0,28,,9126,13,,,0,70,,9127,13,,,0,30,,9128,13,,,0,70,,9129,13,,,0,30,,9130,13,,,0,70,,9131,13,,,0,30,,9132,13,,,0,70,,9133,13,,,0,30,,9134,13,,,0,70,,9135,13,,,0,30,,9136,13,,,0,68,,9137,13,,,0,30,,9138,13,,,0,70,,9139,13,,,0,30,,9140,13,,,0,70,,9141,13,,,0,30,,9142,13,,,0,70,,9143,13,,,0,25,,9144,13,,,0,70,,9145,13,,,0,100,,9146,13,,,0,100,,9147,13,,,0,100,,9148,13,,,0,100,,9149,13,,,0,100,,9150,13,,,0
4300,'13301',2515,,9151,13,,,0,100,,9152,13,,,0,100,,9153,13,,,0
4300,'3',845,,9154,13,,,0,100,,9155,13,,,0,100,,9156,13,,,0,100,,9157,13,,,0,100,,9158,13,,,0,100,,9159,13,,,0,100,,9160,13,,,0,100,,9161,13,,,0,100,,9162,13,,,0,100,,9163,13,,,0,100,,9164,13,,,0,100,,9165,13,,,0,100,,9166,13,,,0,100,,9167,13,,,0
4400,'1',633,,9221,13,,,0,70,,9222,13,,,0,29,,9223,13,,,0,70,,9224,13,,,0,30,,9225,13,,,0,70,,9226,13,,,0,29,,9227,13,,,0,69,,9228,13,,,0,30,,9229,13,,,0,70,,9230,13,,,0,30,,9231,13,,,0,70,,9232,13,,,0,30,,9233,13,,,0,70,,9234,13,,,0,30,,9235,13,,,0,70,,9236,13,,,0,30,,9237,13,,,0,70,,9238,13,,,0,28,,9239,13,,,0,30,,9240,13,,,0,70,,9241,13,,,0,30,,9242,13,,,0,70,,9243,13,,,0,30,,9244,13,,,0,97,,9245,13,,,0,100,,9246,13,,,0,100,,9247,13,,,0,100,,9248,13,,,0,100,,9249,13,,,0,101,,9250,13,,,0
4400,'13301',2455,,9251,13,,,0,100,,9252,13,,,0,100,,9253,13,,,0
4400,'3',925,,9266,13,,,0,100,,9265,13,,,0,100,,9261,13,,,0,100,,9260,13,,,0,100,,9259,13,,,0,100,,9258,13,,,0,100,,9257,13,,,0,100,,9256,13,,,0,100,,9255,13,,,0,100,,9254,13,,,0,100,,9264,13,,,0,100,,9263,13,,,0,100,,9262,13,,,0
4500,'1',611,,9318,13,,,0,29,,9319,13,,,0,69,,9320,13,,,0,30,,9321,13,,,0,70,,9322,13,,,0,30,,9323,13,,,0,70,,9324,13,,,0,30,,9325,13,,,0,70,,9326,13,,,0,30,,9327,13,,,0,70,,9328,13,,,0,30,,9329,13,,,0,70,,9330,13,,,0,30,,9331,13,,,0,70,,9332,13,,,0,30,,9333,13,,,0,70,,9334,13,,,0,30,,9335,13,,,0,70,,9336,13,,,0,27,,9337,13,,,0,70,,9338,13,,,0,30,,9339,13,,,0,70,,9340,13,,,0,30,,9341,13,,,0,93,,9342,13,,,0,106,,9343,13,,,0,100,,9344,13,,,0,100,,9345,13,,,0,100,,9346,13,,,0,100,,9347,13,,,0
4500,'13301',2435,,9348,13,,,0,100,,9349,13,,,0,100,,9350,13,,,0
4500,'3',905,,9363,13,,,0,100,,9362,13,,,0,100,,9351,13,,,0,100,,9361,13,,,0,100,,9360,13,,,0,100,,9359,13,,,0,100,,9358,13,,,0,100,,9357,13,,,0,100,,9356,13,,,0,100,,9355,13,,,0,100,,9354,13,,,0,101,,9353,13,,,0,99,,9352,13,,,0
4600,'1',618,,9412,13,,,0,29,,9413,13,,,0,69,,9414,13,,,0,30,,9415,13,,,0,70,,9416,13,,,0,30,,9417,13,,,0,71,,9418,13,,,0,30,,9419,13,,,0,70,,9420,13,,,0,30,,9421,13,,,0,70,,9422,13,,,0,30,,9423,13,,,0,70,,9424,13,,,0,30,,9425,13,,,0,70,,9426,13,,,0,30,,9427,13,,,0,70,,9428,13,,,0,29,,9429,13,,,0,66,,9430,13,,,0,30,,9431,13,,,0,70,,9432,13,,,0,30,,9433,13,,,0,70,,9434,13,,,0,30,,9435,13,,,0,70,,9436,13,,,0
