200,'1',616,,6312,1,,,0,15,,6313,1,,,0,20,,6314,1,,,0,60,,6315,1,,,0,20,,6316,1,,,0,20,,6317,1,,,0,60,,6318,1,,,0,20,,6319,1,,,0,20,,6320,1,,,0,60,,6321,1,,,0,20,,6322,1,,,0,20,,6323,1,,,0,60,,6324,1,,,0,20,,6325,1,,,0,20,,6326,1,,,0,60,,6327,1,,,0,20,,6328,1,,,0,20,,6329,1,,,0,60,,6330,1,,,0,20,,6331,1,,,0,20,,6332,1,,,0,60,,6333,1,,,0,20,,6334,1,,,0,20,,6335,1,,,0,60,,6336,1,,,0,20,,6337,1,,,0,20,,6338,1,,,0,60,,6339,1,,,0,20,,6340,1,,,0,15,,6341,1,,,0,55,,6342,1,,,0,15,,6343,1,,,0,15,,6344,1,,,0,15,,6345,1,,,0,55,,6346,1,,,0,15,,6347,1,,,0,15,,6348,1,,,0,15,,6349,1,,,0,55,,6350,1,,,0,15,,6351,1,,,0,30,,6352,1,,,0,70,,6353,1,,,0,30,,6354,1,,,0,70,,6355,1,,,0,30,,6356,1,,,0,70,,6357,1,,,0,30,,6358,1,,,0,70,,6359,1,,,0,30,,6360,1,,,0,70,,6361,1,,,0,30,,6362,1,,,0,71,,6363,1,,,0
200,'13301',2431,,6364,1,,,0,70,,6365,1,,,0,30,,6366,1,,,0,70,,6367,1,,,0,30,,6368,1,,,0,70,,6369,1,,,0,30,,6370,1,,,0
200,'3',846,,6373,1,,,0,70,,6396,1,,,0,30,,6372,1,,,0,70,,6395,1,,,0,30,,6371,1,,,0,70,,6394,1,,,0,30,,6393,1,,,0,70,,6392,1,,,0,30,,6391,1,,,0,70,,6390,1,,,0,30,,6389,1,,,0,70,,6388,1,,,0,30,,6387,1,,,0,70,,6386,1,,,0,30,,6385,1,,,0,70,,6384,1,,,0,30,,6383,1,,,0,70,,6382,1,,,0,30,,6381,1,,,0,70,,6380,1,,,0,30,,6376,1,,,0,70,,6379,1,,,0,30,,6375,1,,,0,70,,6378,1,,,0,30,,6374,1,,,0,71,,6377,1,,,0
201,'1',629,,6397,28,4,,0,20,,6398,28,4,,0,60,,6399,28,4,,0,20,,6400,28,4,,0,20,,6401,28,4,,0,60,,6402,28,4,,0,20,,6403,28,4,,0,20,,6404,28,4,,0,60,,6405,28,4,,0,20,,6406,28,4,,0,20,,6407,28,4,,0,60,,6408,28,4,,0,20,,6409,28,4,,0,20,,6410,28,4,,0,60,,6411,28,4,,0,20,,6412,28,4,,0,20,,6413,28,4,,0,60,,6414,28,4,,0,20,,6415,28,4,,0,20,,6416,28,4,,0,60,,6417,28,4,,0,20,,6418,28,4,,0,20,,6419,28,4,,0,60,,6420,28,4,,0,20,,6421,28,4,,0,20,,6422,28,4,,0,60,,6423,28,4,,0,20,,6424,28,4,,0,20,,6434,28,4,,0,60,,6425,28,4,,0,20,,6426,28,4,,0,15,,6427,28,4,,0,15,,6428,28,4,,0,55,,6429,28,4,,0,15,,6430,28,4,,0,15,,6431,28,4,,0,15,,6432,28,4,,0,55,,6433,28,4,,0,15,,6435,28,4,,0,13,,6448,28,4,,0,15,,6436,28,4,,0,55,,6437,28,4,,0,30,,6438,28,4,,0,70,,6439,28,4,,0,30,,6440,28,4,,0,70,,6441,28,4,,0,30,,6442,28,4,,0,70,,6443,28,4,,0,30,,6444,28,4,,0,70,,6445,28,4,,0,30,,6446,28,4,,0,70,,6447,28,4,,0
201,'13301',2456,,6449,28,4,,0,70,,6450,28,4,,0,30,,6451,28,4,,0,70,,6452,28,4,,0,30,,6453,28,4,,0,70,,6454,28,4,,0,30,,6455,28,4,,0
201,'3',914,,6481,28,4,,0,30,,6457,28,4,,0,70,,6480,28,4,,0,30,,6456,28,4,,0,70,,6479,28,4,,0,30,,6478,28,4,,0,70,,6477,28,4,,0,30,,6476,28,4,,0,70,,6475,28,4,,0,30,,6474,28,4,,0,70,,6473,28,4,,0,30,,6472,28,4,,0,70,,6471,28,4,,0,30,,6470,28,4,,0,70,,6469,28,4,,0,30,,6468,28,4,,0,70,,6467,28,4,,0,30,,6466,28,4,,0,70,,6465,28,4,,0,30,,6464,28,4,,0,70,,6463,28,4,,0,30,,6460,28,4,,0,70,,6462,28,4,,0,30,,6459,28,4,,0,70,,6461,28,4,,0,25,,6458,28,4,,0
500,'1',644,,6772,3,4,,0,2,,6748,1,,,0,68,,6773,3,4,,0,2,,6749,1,,,0,28,,6774,3,4,,0,2,,6750,1,,,0,68,,6775,3,4,,0,2,,6751,1,,,0,28,,6776,3,4,,0,2,,6752,1,,,0,68,,6777,3,4,,0,2,,6753,1,,,0,28,,6778,3,4,,0,2,,6754,1,,,0,68,,6779,3,4,,0,2,,6755,1,,,0,28,,6780,3,4,,0,2,,6756,1,,,0,68,,6781,3,4,,0,2,,6757,1,,,0,28,,6782,3,4,,0,2,,6758,1,,,0,68,,6783,3,4,,0,2,,6759,1,,,0,28,,6784,3,4,,0,2,,6760,1,,,0,68,,6785,3,4,,0,2,,6761,1,,,0,28,,6786,3,4,,0,2,,6762,1,,,0,68,,6787,3,4,,0,2,,6763,1,,,0,28,,6788,3,4,,0,2,,6764,1,,,0,68,,6789,3,4,,0,2,,6765,1,,,0,28,,6790,3,4,,0,2,,6766,1,,,0,68,,6791,3,4,,0,2,,6767,1,,,0,28,,6792,3,4,,0,2,,6768,1,,,0,68,,6793,3,4,,0,2,,6769,1,,,0,28,,6794,3,4,,0,2,,6770,1,,,0,68,,6795,3,4,,0,2,,6771,1,,,0,98,,6808,3,4,,0,2,,6802,1,,,0,100,,6803,1,,,0,100,,6804,1,,,0,100,,6805,1,,,0,100,,6806,1,,,0,101,,6807,1,,,0
500,'13301',2517,,6812,1,,,0,100,,6813,1,,,0,100,,6814,1,,,0
500,'3',916,,6830,1,,,0,100,,6829,1,,,0,100,,6827,1,,,0,100,,6826,1,,,0,100,,6825,1,,,0,100,,6824,1,,,0,100,,6823,1,,,0,100,,6822,1,,,0,100,,6821,1,,,0,100,,6831,1,,,0,100,,6839,1,,,0,100,,6817,1,,,0,101,,6816,1,,,0
501,'1',2014,,6871,24,4,,0,100,,6872,24,4,,0,100,,6873,24,4,,0,100,,6874,24,4,,0,100,,6875,24,4,,0
501,'13301',2514,,6877,24,4,,0,100,,6878,24,4,,0,100,,6879,24,4,,0
501,'3',914,,6907,24,4,,0,100,,6905,24,4,,0,100,,6903,24,4,,0,100,,6901,24,4,,0,100,,6899,24,4,,0,100,,6897,24,4,,0,100,,6895,24,4,,0,100,,6893,24,4,,0,100,,6891,24,4,,0,100,,6889,24,4,,0,100,,6888,24,4,,0,100,,6887,24,4,,0,100,,6886,24,4,,0
1500,'1',644,,7898,3,4,,0,70,,7900,3,4,,0,30,,7902,3,4,,0,70,,7904,3,4,,0,30,,7906,3,4,,0,70,,7916,3,4,,0,30,,7924,3,4,,0,70,,7884,3,4,,0,30,,7883,3,4,,0,70,,7882,3,4,,0,30,,7881,3,4,,0,70,,7880,3,4,,0,30,,7909,3,4,,0,70,,7879,3,4,,0,30,,7878,3,4,,0,70,,7877,3,4,,0,30,,7919,3,4,,0,70,,7923,3,4,,0,30,,7910,3,4,,0,70,,7911,3,4,,0,30,,7920,3,4,,0,70,,7921,3,4,,0,30,,7922,3,4,,0,70,,7914,3,4,,0
35801,'1201',1529,,10572,3,4,,0
