1700,'1',701,,8083,7,0,7,0,20,,8084,7,0,7,0,20,,8085,7,0,7,0,60,,8086,7,0,7,0,20,,8087,7,0,7,0,20,,8088,7,0,7,0,60,,8089,7,0,7,0,20,,8090,7,0,7,0,20,,8117,7,0,7,0,73,,8118,7,0,7,0,35,,8119,7,0,7,0,70,,8120,7,0,7,0,30,,8121,7,0,7,0,70,,8122,7,0,7,0,30,,8123,7,0,7,0,70,,8124,7,0,7,0,30,,8125,7,0,7,0,75,,8126,7,0,7,0,23,,8127,7,0,7,0,60,,8163,7,0,7,0,19,,8091,7,0,7,0,18,,8092,7,0,7,0,60,,8093,7,0,7,0,20,,8094,7,0,7,0,20,,8095,7,0,7,0,60,,8096,7,0,7,0,20,,8097,7,0,7,0,20,,8098,7,0,7,0,60,,8099,7,0,7,0,20,,8139,7,0,7,0,20,,8140,7,0,7,0,66,,8141,7,0,7,0,45,,8144,7,0,7,0,85,,8145,7,0,7,0,85,,8146,7,0,7,0,85,,8147,7,0,7,0,47,,8148,12,0,7,0,83,,8149,7,0,7,0,84,,8165,7,0,7,0
1700,'13301',2510,,8167,7,0,7,0,45,,8168,7,0,7,0,85,,8169,7,0,7,0,85,,8170,7,0,7,0
1700,'3',859,,8190,7,0,7,0,85,,8191,7,0,7,0,85,,8192,7,0,7,0,85,,8193,7,0,7,0,45,,8194,7,0,7,0,85,,8195,7,0,7,0,85,,8223,7,0,7,0,85,,8196,7,0,7,0,45,,8197,7,0,7,0,85,,8198,7,0,7,0,85,,8199,7,0,7,0,85,,8200,7,0,7,0,45,,8201,7,0,7,0,85,,8202,7,0,7,0,85,,8203,7,0,7,0,85,,8204,7,0,7,0,45,,8205,7,0,7,0
1701,'1',602,,8256,21,0,7,0
1701,'14001',732,,8315,21,0,7,0,20,,8316,21,0,7,0,60,,8317,21,0,7,0,20,,8318,21,0,7,0,20,,8319,21,0,7,0,60,,8320,21,0,7,0,20,,8321,21,0,7,0,19,,8322,21,0,7,0,604,,8330,21,0,7,0,60,,8323,21,0,7,0,20,,8324,21,0,7,0,20,,8325,21,0,7,0,60,,8326,21,0,7,0,20,,8327,21,0,7,0,20,,8328,21,0,7,0,60,,8329,21,0,7,0
2601,'1',658,,8661,17,,,0,71,,8662,17,,,0,73,,8663,17,,,0,30,,8664,17,,,0,70,,8665,17,,,0,30,,8666,17,,,0,70,,8667,17,,,0,27,,8668,17,,,0,30,,8669,17,,,0,70,,8670,17,,,0,30,,8671,17,,,0,70,,8672,17,,,0,30,,8673,17,,,0,70,,8674,17,,,0,30,,8675,17,,,0,70,,8676,17,,,0,30,,8677,17,,,0,69,,8678,17,,,0,73,,8679,17,,,0,30,,8680,17,,,0,70,,8681,17,,,0,30,,8682,17,,,0,70,,8683,17,,,0,30,,8684,17,,,0,70,,8685,17,,,0,20,,8652,17,,,0,80,,8653,17,,,0,40,,8654,17,,,0,80,,8655,17,,,0,80,,8656,17,,,0,40,,8657,17,,,0,80,,8658,17,,,0,80,,8659,17,,,0,40,,8660,17,,,0
2601,'13301',2521,,8686,17,,,0,80,,8687,17,,,0,40,,8688,17,,,0,80,,8689,17,,,0
2601,'3',921,,8690,17,,,0,80,,8691,17,,,0,40,,8692,17,,,0,80,,8693,17,,,0,80,,8694,17,,,0,40,,8695,17,,,0,80,,8696,17,,,0,80,,8697,17,,,0,40,,8698,17,,,0,80,,8699,17,,,0,80,,8700,17,,,0,40,,8701,17,,,0,80,,8702,17,,,0,80,,8703,17,,,0,40,,8704,17,,,0,80,,8705,17,,,0,80,,8706,17,,,0,40,,8707,17,,,0,80,,8708,17,,,0,34,,8709,17,,,0
2701,'1',604,,8802,17,,,0,40,,8777,17,,,0,70,,8778,17,,,0,31,,8779,17,,,0,70,,8780,17,,,0,30,,8781,17,,,0,70,,8782,17,,,0,30,,8783,17,,,0,70,,8784,17,,,0,30,,8785,17,,,0,70,,8786,17,,,0,30,,8787,17,,,0,70,,8788,17,,,0,30,,8789,17,,,0,70,,8790,17,,,0,30,,8791,17,,,0,70,,8792,17,,,0,30,,8793,17,,,0,70,,8794,17,,,0,31,,8795,17,,,0,70,,8796,17,,,0,30,,8797,17,,,0,70,,8798,17,,,0,30,,8799,17,,,0,70,,8800,17,,,0,30,,8801,17,,,0,77,,8769,17,,,0,80,,8770,17,,,0,40,,8771,17,,,0,80,,8772,17,,,0,80,,8773,17,,,0,40,,8774,17,,,0,80,,8775,17,,,0,80,,8776,17,,,0
2701,'13301',2523,,8803,17,,,0,80,,8804,17,,,0,40,,8805,17,,,0,80,,8806,17,,,0
2701,'3',905,,8807,17,,,0,40,,8808,17,,,0,80,,8809,17,,,0,80,,8810,17,,,0,40,,8811,17,,,0,80,,8812,17,,,0,80,,8813,17,,,0,40,,8814,17,,,0,80,,8815,17,,,0,80,,8816,17,,,0,40,,8817,17,,,0,80,,8818,17,,,0,80,,8819,17,,,0,40,,8820,17,,,0,80,,8821,17,,,0,80,,8822,17,,,0,40,,8823,17,,,0,80,,8824,17,,,0,80,,8825,17,,,0,40,,8826,17,,,0
2901,'1',703,,8846,25,,,0,40,,8847,25,,,0,80,,8848,25,,,0,80,,8849,25,,,0,40,,8850,25,,,0,80,,8851,25,,,0,80,,8852,25,,,0,40,,8853,25,,,0,80,,8854,25,,,0,80,,8855,25,,,0,40,,8856,25,,,0,80,,8863,25,,,0,80,,8857,25,,,0,40,,8858,25,,,0,80,,8859,25,,,0,80,,8860,25,,,0,40,,8861,25,,,0,80,,8862,25,,,0
5001,'1',623,,9539,19,,,0,30,,9540,19,,,0,70,,9511,19,,,0,30,,9512,19,,,0,70,,9513,19,,,0,30,,9514,19,,,0,70,,9515,19,,,0,30,,9516,19,,,0,70,,9517,19,,,0,30,,9518,19,,,0,70,,9519,19,,,0,30,,9520,19,,,0,70,,9521,19,,,0,30,,9522,19,,,0,70,,9523,19,,,0,30,,9524,19,,,0,70,,9525,19,,,0,30,,9526,19,,,0,75,,9527,19,,,0,26,,9528,19,,,0,70,,9529,19,,,0,30,,9530,19,,,0,70,,9531,19,,,0,30,,9532,19,,,0,70,,9533,19,,,0,30,,9541,19,,,0,69,,9534,19,,,0,100,,9535,19,,,0,100,,9536,19,,,0,100,,9537,19,,,0,100,,9538,19,,,0,100,,9542,19,,,0
5001,'13301',2523,,9543,19,,,0,100,,9544,19,,,0,100,,9545,19,,,0
5001,'3',931,,9549,19,,,0,100,,9550,19,,,0,100,,9551,19,,,0,100,,9552,19,,,0,100,,9553,19,,,0,100,,9554,19,,,0,100,,9555,19,,,0,100,,9556,19,,,0,100,,9557,19,,,0,100,,9558,19,,,0,100,,9546,19,,,0,100,,9547,19,,,0,99,,9548,19,,,0
5501,'1',609,,9638,20,,,0,30,,9637,20,,,0,70,,9608,20,,,0,30,,9609,20,,,0,70,,9610,20,,,0,30,,9611,20,,,0,70,,9612,20,,,0,30,,9613,20,,,0,70,,9614,20,,,0,30,,9615,20,,,0,70,,9616,20,,,0,30,,9617,20,,,0,70,,9618,20,,,0,30,,9619,20,,,0,70,,9620,20,,,0,30,,9621,20,,,0,70,,9622,20,,,0,30,,9623,20,,,0,70,,9624,20,,,0,34,,9625,20,,,0,70,,9626,20,,,0,30,,9627,20,,,0,70,,9628,20,,,0,30,,9629,20,,,0,70,,9630,20,,,0,30,,9631,20,,,0,70,,9639,20,,,0,40,,9632,20,,,0,100,,9633,20,,,0,100,,9634,20,,,0,100,,9635,20,,,0,100,,9636,20,,,0
5501,'13301',2553,,9640,20,,,0,100,,9641,20,,,0,100,,9642,20,,,0
5501,'3',1002,,9643,20,,,0,100,,9644,20,,,0,100,,9645,20,,,0,100,,9646,20,,,0,100,,9647,20,,,0,100,,9648,20,,,0,100,,9649,20,,,0,100,,9650,20,,,0,100,,9651,20,,,0,100,,9652,20,,,0,100,,9653,20,,,0,100,,9654,20,,,0,54,,9655,20,,,0
