701,'1',620,,7083,36,,,0,30,,7082,36,,,0,70,,7081,36,,,0,32,,7080,36,,,0,70,,7079,36,,,0,30,,7078,36,,,0,70,,7077,36,,,0,30,,7076,36,,,0,70,,7075,36,,,0,30,,7074,36,,,0,70,,7073,36,,,0,30,,7072,36,,,0,70,,7071,36,,,0,30,,7070,36,,,0,70,,7069,36,,,0,30,,7068,36,,,0,70,,7067,36,,,0,30,,7066,36,,,0,70,,7065,36,,,0,30,,7064,36,,,0,70,,7063,36,,,0,30,,7062,36,,,0,70,,7061,36,,,0,30,,7060,36,,,0,70,,7059,36,,,0,30,,7058,36,,,0,68,,7057,36,,,0,100,,7056,36,,,0,100,,7055,36,,,0,100,,7054,36,,,0,100,,7053,36,,,0,91,,7052,36,,,0
701,'13301',2517,,7084,36,,,0,100,,7085,36,,,0,100,,7086,36,,,0
701,'3',922,,7099,36,,,0,100,,7098,36,,,0,100,,7097,36,,,0,100,,7096,36,,,0,100,,7095,36,,,0,100,,7094,36,,,0,100,,7093,36,,,0,100,,7092,36,,,0,100,,7091,36,,,0,100,,7090,36,,,0,100,,7089,36,,,0,100,,7088,36,,,0,90,,7087,36,,,0
2201,'1',653,,8573,37,,,0,79,,8572,37,,,0,70,,8574,37,,,0,30,,8571,37,,,0,70,,8570,37,,,0
3001,'1',618,,8954,7,,,0,37,,8955,7,,,0,82,,8956,7,,,0,80,,8957,7,,,0,40,,8958,7,,,0,83,,8959,7,,,0,77,,8960,7,,,0,40,,8961,7,,,0,80,,8962,7,,,0,80,,8963,7,,,0,40,,8964,7,,,0,80,,8965,7,,,0,80,,8966,7,,,0,40,,8967,7,,,0,83,,8968,7,,,0,82,,8969,7,,,0,80,,8970,7,,,0,40,,8971,7,,,0,80,,8972,7,,,0,78,,8973,7,,,0,38,,8948,7,,,0,95,,8949,7,,,0,100,,8950,7,,,0,100,,8951,7,,,0,100,,8952,7,,,0,101,,8953,7,,,0
3001,'13301',2534,,8974,7,,,0,100,,8975,7,,,0,100,,8976,7,,,0
3001,'3',837,,8977,7,,,0,100,,8978,7,,,0,100,,8979,7,,,0,100,,8980,7,,,0,100,,8981,7,,,0,100,,8982,7,,,0,100,,8983,7,,,0,100,,8984,7,,,0,100,,8985,7,,,0,100,,8986,7,,,0,100,,8987,7,,,0,100,,8988,7,,,0,100,,8989,7,,,0,100,,8990,7,,,0
3501,'1',559,,9081,9,,,0,80,,9082,9,,,0,75,,9083,9,,,0,43,,9084,9,,,0,80,,9085,9,,,0,80,,9086,9,,,0,39,,9087,9,,,0,83,,9088,9,,,0,80,,9089,9,,,0,40,,9090,9,,,0,80,,9091,9,,,0,80,,9092,9,,,0,40,,9093,9,,,0,80,,9094,9,,,0,81,,9095,9,,,0,83,,9096,9,,,0,40,,9097,9,,,0,80,,9098,9,,,0,80,,9099,9,,,0,40,,9075,9,,,0,75,,9100,9,,,0,85,,9076,9,,,0,100,,9077,9,,,0,100,,9078,9,,,0,100,,9079,9,,,0,100,,9080,9,,,0
3501,'13301',2503,,9101,9,,,0,100,,9102,9,,,0,100,,9103,9,,,0
3501,'3',909,,9104,9,,,0,100,,9105,9,,,0,100,,9106,9,,,0,100,,9107,9,,,0,100,,9108,9,,,0,100,,9109,9,,,0,100,,9110,9,,,0,100,,9111,9,,,0,100,,9112,9,,,0,100,,9113,9,,,0,100,,9114,9,,,0,100,,9115,9,,,0,100,,9116,9,,,0
