2900,'1',724,,8827,14,,,0,80,,8830,14,,,0,40,,8831,14,,,0,80,,8832,14,,,0,80,,8833,14,,,0,40,,8834,14,,,0,80,,8835,14,,,0,80,,8836,14,,,0,40,,8837,14,,,0,80,,8838,14,,,0,80,,8839,14,,,0,40,,8840,14,,,0,80,,8841,14,,,0,80,,8842,14,,,0,40,,8843,14,,,0,80,,8844,14,,,0,80,,8845,14,,,0
4300,'1',634,,9119,16,,,0,70,,9120,16,,,0,29,,9121,16,,,0,70,,9122,16,,,0,30,,9123,16,,,0,70,,9124,16,,,0,29,,9125,16,,,0,69,,9126,16,,,0,30,,9127,16,,,0,70,,9128,16,,,0,30,,9129,16,,,0,70,,9130,16,,,0,30,,9131,16,,,0,70,,9132,16,,,0,30,,9133,16,,,0,70,,9134,16,,,0,30,,9135,16,,,0,70,,9136,16,,,0,29,,9137,16,,,0,70,,9138,16,,,0,30,,9139,16,,,0,70,,9140,16,,,0,30,,9141,16,,,0,70,,9142,16,,,0,30,,9143,16,,,0,23,,9144,16,,,0,70,,9145,16,,,0,100,,9146,16,,,0,100,,9147,16,,,0,100,,9148,16,,,0,100,,9149,16,,,0,100,,9150,16,,,0
4300,'13301',2523,,9151,16,,,0,100,,9152,16,,,0,100,,9153,16,,,0
4300,'3',853,,9154,16,,,0,100,,9155,16,,,0,100,,9156,16,,,0,100,,9157,16,,,0,100,,9158,16,,,0,100,,9159,16,,,0,100,,9160,16,,,0,100,,9161,16,,,0,100,,9162,16,,,0,100,,9163,16,,,0,100,,9164,16,,,0,100,,9165,16,,,0,100,,9166,16,,,0,100,,9167,16,,,0
4400,'1',641,,9221,16,,,0,70,,9222,16,,,0,29,,9223,16,,,0,70,,9224,16,,,0,30,,9225,16,,,0,70,,9226,16,,,0,29,,9227,16,,,0,70,,9228,16,,,0,30,,9229,16,,,0,70,,9230,16,,,0,30,,9231,16,,,0,70,,9232,16,,,0,30,,9233,16,,,0,70,,9234,16,,,0,30,,9235,16,,,0,70,,9236,16,,,0,30,,9237,16,,,0,70,,9238,16,,,0,29,,9239,16,,,0,70,,9240,16,,,0,30,,9241,16,,,0,70,,9242,16,,,0,30,,9243,16,,,0,70,,9244,16,,,0,95,,9245,16,,,0,100,,9246,16,,,0,100,,9247,16,,,0,100,,9248,16,,,0,100,,9249,16,,,0,101,,9250,16,,,0
4400,'13301',2503,,9251,16,,,0,100,,9252,16,,,0,100,,9253,16,,,0
4400,'3',933,,9266,16,,,0,100,,9265,16,,,0,100,,9261,16,,,0,100,,9260,16,,,0,100,,9259,16,,,0,100,,9258,16,,,0,100,,9257,16,,,0,100,,9256,16,,,0,100,,9255,16,,,0,100,,9254,16,,,0,100,,9264,16,,,0,100,,9263,16,,,0,99,,9262,16,,,0
4500,'1',619,,9318,16,,,0,29,,9319,16,,,0,69,,9320,16,,,0,30,,9321,16,,,0,70,,9322,16,,,0,30,,9323,16,,,0,70,,9324,16,,,0,31,,9325,16,,,0,70,,9326,16,,,0,30,,9327,16,,,0,70,,9328,16,,,0,30,,9329,16,,,0,70,,9330,16,,,0,30,,9331,16,,,0,70,,9332,16,,,0,30,,9333,16,,,0,70,,9334,16,,,0,30,,9335,16,,,0,70,,9336,16,,,0,28,,9337,16,,,0,70,,9338,16,,,0,30,,9339,16,,,0,70,,9340,16,,,0,30,,9341,16,,,0,93,,9342,16,,,0,104,,9343,16,,,0,100,,9344,16,,,0,100,,9345,16,,,0,100,,9346,16,,,0,100,,9347,16,,,0
4500,'13301',2443,,9348,16,,,0,100,,9349,16,,,0,100,,9350,16,,,0
4500,'3',913,,9363,16,,,0,100,,9362,16,,,0,100,,9351,16,,,0,100,,9361,16,,,0,100,,9360,16,,,0,100,,9359,16,,,0,100,,9358,16,,,0,100,,9357,16,,,0,100,,9356,16,,,0,100,,9355,16,,,0,100,,9354,16,,,0,100,,9353,16,,,0,99,,9352,16,,,0
4600,'1',626,,9412,16,,,0,29,,9413,16,,,0,69,,9414,16,,,0,30,,9415,16,,,0,70,,9416,16,,,0,30,,9417,16,,,0,71,,9418,16,,,0,31,,9419,16,,,0,70,,9420,16,,,0,30,,9421,16,,,0,70,,9422,16,,,0,30,,9423,16,,,0,70,,9424,16,,,0,30,,9425,16,,,0,70,,9426,16,,,0,30,,9427,16,,,0,70,,9428,16,,,0,29,,9429,16,,,0,67,,9430,16,,,0,30,,9431,16,,,0,70,,9432,16,,,0,30,,9433,16,,,0,70,,9434,16,,,0,30,,9435,16,,,0,70,,9436,16,,,0
35200,'1201',821,,10569,25,,,0
52900,'14001',744,,10575,9,4,,0,80,,10576,9,4,,0,80,,10577,9,4,,0,40,,10583,9,4,,0,560,,10578,9,4,,0,40,,10579,9,4,,0,80,,10580,9,4,,0,80,,10581,9,4,,0,40,,10582,9,4,,0
52901,'14001',746,,10584,1,,,0,80,,10585,1,,,0,80,,10591,1,,,0,520,,10586,1,,,0,80,,10587,1,,,0,40,,10588,1,,,0,80,,10589,1,,,0,80,,10590,1,,,0
54301,'14001',1400,,10597,1,,,0,30,,10598,1,,,0,70,,10599,1,,,0,30,,10600,1,,,0,70,,10601,1,,,0,30,,10602,1,,,0
