2900,'1',726,,8827,15,,,0,80,,8830,15,,,0,40,,8831,15,,,0,80,,8832,15,,,0,80,,8833,15,,,0,40,,8834,15,,,0,80,,8835,15,,,0,80,,8836,15,,,0,40,,8837,15,,,0,80,,8838,15,,,0,80,,8839,15,,,0,40,,8840,15,,,0,80,,8841,15,,,0,80,,8842,15,,,0,40,,8843,15,,,0,80,,8844,15,,,0,80,,8845,15,,,0
4300,'1',635,,9119,17,,,0,70,,9120,17,,,0,29,,9121,17,,,0,70,,9122,17,,,0,30,,9123,17,,,0,70,,9124,17,,,0,29,,9125,17,,,0,69,,9126,17,,,0,30,,9127,17,,,0,70,,9128,17,,,0,30,,9129,17,,,0,70,,9130,17,,,0,30,,9131,17,,,0,70,,9132,17,,,0,30,,9133,17,,,0,70,,9134,17,,,0,30,,9135,17,,,0,70,,9136,17,,,0,30,,9137,17,,,0,70,,9138,17,,,0,30,,9139,17,,,0,70,,9140,17,,,0,30,,9141,17,,,0,70,,9142,17,,,0,30,,9143,17,,,0,22,,9144,17,,,0,70,,9145,17,,,0,100,,9146,17,,,0,100,,9147,17,,,0,100,,9148,17,,,0,100,,9149,17,,,0,100,,9150,17,,,0
4300,'13301',2524,,9151,17,,,0,100,,9152,17,,,0,100,,9153,17,,,0
4300,'3',854,,9154,17,,,0,100,,9155,17,,,0,100,,9156,17,,,0,100,,9157,17,,,0,100,,9158,17,,,0,100,,9159,17,,,0,100,,9160,17,,,0,100,,9161,17,,,0,100,,9162,17,,,0,100,,9163,17,,,0,100,,9164,17,,,0,100,,9165,17,,,0,100,,9166,17,,,0,100,,9167,17,,,0
4400,'1',642,,9221,17,,,0,70,,9222,17,,,0,29,,9223,17,,,0,70,,9224,17,,,0,30,,9225,17,,,0,70,,9226,17,,,0,29,,9227,17,,,0,70,,9228,17,,,0,30,,9229,17,,,0,70,,9230,17,,,0,30,,9231,17,,,0,70,,9232,17,,,0,30,,9233,17,,,0,70,,9234,17,,,0,30,,9235,17,,,0,70,,9236,17,,,0,30,,9237,17,,,0,70,,9238,17,,,0,30,,9239,17,,,0,70,,9240,17,,,0,30,,9241,17,,,0,70,,9242,17,,,0,30,,9243,17,,,0,70,,9244,17,,,0,94,,9245,17,,,0,100,,9246,17,,,0,100,,9247,17,,,0,100,,9248,17,,,0,100,,9249,17,,,0,101,,9250,17,,,0
4400,'13301',2504,,9251,17,,,0,100,,9252,17,,,0,100,,9253,17,,,0
4400,'3',934,,9266,17,,,0,100,,9265,17,,,0,100,,9261,17,,,0,100,,9260,17,,,0,100,,9259,17,,,0,100,,9258,17,,,0,100,,9257,17,,,0,100,,9256,17,,,0,100,,9255,17,,,0,100,,9254,17,,,0,100,,9264,17,,,0,100,,9263,17,,,0,99,,9262,17,,,0
4500,'1',620,,9318,17,,,0,29,,9319,17,,,0,69,,9320,17,,,0,30,,9321,17,,,0,70,,9322,17,,,0,30,,9323,17,,,0,70,,9324,17,,,0,31,,9325,17,,,0,70,,9326,17,,,0,30,,9327,17,,,0,70,,9328,17,,,0,30,,9329,17,,,0,70,,9330,17,,,0,30,,9331,17,,,0,70,,9332,17,,,0,30,,9333,17,,,0,70,,9334,17,,,0,30,,9335,17,,,0,70,,9336,17,,,0,29,,9337,17,,,0,70,,9338,17,,,0,30,,9339,17,,,0,70,,9340,17,,,0,30,,9341,17,,,0,93,,9342,17,,,0,103,,9343,17,,,0,100,,9344,17,,,0,100,,9345,17,,,0,100,,9346,17,,,0,100,,9347,17,,,0
4500,'13301',2444,,9348,17,,,0,100,,9349,17,,,0,100,,9350,17,,,0
4500,'3',914,,9363,17,,,0,100,,9362,17,,,0,100,,9351,17,,,0,100,,9361,17,,,0,100,,9360,17,,,0,100,,9359,17,,,0,100,,9358,17,,,0,100,,9357,17,,,0,100,,9356,17,,,0,100,,9355,17,,,0,100,,9354,17,,,0,100,,9353,17,,,0,99,,9352,17,,,0
4600,'1',627,,9412,17,,,0,29,,9413,17,,,0,69,,9414,17,,,0,30,,9415,17,,,0,70,,9416,17,,,0,30,,9417,17,,,0,71,,9418,17,,,0,31,,9419,17,,,0,70,,9420,17,,,0,30,,9421,17,,,0,70,,9422,17,,,0,30,,9423,17,,,0,70,,9424,17,,,0,30,,9425,17,,,0,70,,9426,17,,,0,30,,9427,17,,,0,70,,9428,17,,,0,29,,9429,17,,,0,68,,9430,17,,,0,30,,9431,17,,,0,70,,9432,17,,,0,30,,9433,17,,,0,70,,9434,17,,,0,30,,9435,17,,,0,70,,9436,17,,,0
52901,'14001',748,,10584,2,,,0,80,,10585,2,,,0,80,,10591,2,,,0,520,,10586,2,,,0,80,,10587,2,,,0,40,,10588,2,,,0,80,,10589,2,,,0,80,,10590,2,,,0
54301,'14001',1401,,10597,2,,,0,30,,10598,2,,,0,70,,10599,2,,,0,30,,10600,2,,,0,70,,10601,2,,,0,30,,10602,2,,,0
