500,'1',646,,6748,2,,,0,70,,6749,2,,,0,30,,6750,2,,,0,70,,6751,2,,,0,30,,6752,2,,,0,70,,6753,2,,,0,30,,6754,2,,,0,70,,6755,2,,,0,30,,6756,2,,,0,70,,6757,2,,,0,30,,6758,2,,,0,70,,6759,2,,,0,30,,6760,2,,,0,70,,6761,2,,,0,30,,6762,2,,,0,70,,6763,2,,,0,30,,6764,2,,,0,70,,6765,2,,,0,30,,6766,2,,,0,70,,6767,2,,,0,30,,6768,2,,,0,70,,6769,2,,,0,30,,6770,2,,,0,70,,6771,2,,,0,100,,6802,2,,,0,100,,6803,2,,,0,100,,6804,2,,,0,100,,6805,2,,,0,100,,6806,2,,,0,101,,6807,2,,,0
500,'13301',2517,,6812,2,,,0,100,,6813,2,,,0,100,,6814,2,,,0
500,'3',916,,6830,2,,,0,100,,6829,2,,,0,100,,6827,2,,,0,100,,6826,2,,,0,100,,6825,2,,,0,100,,6824,2,,,0,100,,6823,2,,,0,100,,6822,2,,,0,100,,6821,2,,,0,100,,6831,2,,,0,100,,6839,2,,,0,100,,6817,2,,,0,101,,6816,2,,,0
2200,'1',1631,,8563,2,,,0,70,,8564,2,,,0,30,,8565,2,,,0
2200,'1201',1531,,8566,2,,,0,70,,8567,2,,,0
2200,'12801',1531,,8568,2,,,0,70,,8569,2,,,0
3000,'1',608,,8877,2,,,0,40,,8879,2,,,0,81,,8881,2,,,0,80,,8882,2,,,0,40,,8883,2,,,0,82,,8884,2,,,0,80,,8885,2,,,0,40,,8886,2,,,0,80,,8887,2,,,0,80,,8888,2,,,0,40,,8889,2,,,0,80,,8890,2,,,0,80,,8891,2,,,0,40,,8892,2,,,0,83,,8893,2,,,0,80,,8894,2,,,0,40,,8895,2,,,0,80,,8896,2,,,0,80,,8897,2,,,0,37,,8870,2,,,0,95,,8871,2,,,0,100,,8872,2,,,0,100,,8873,2,,,0,100,,8874,2,,,0,101,,8875,2,,,0
3000,'13301',2446,,8918,2,,,0,100,,8919,2,,,0,100,,8920,2,,,0
3000,'3',848,,8934,2,,,0,100,,8935,2,,,0,100,,8936,2,,,0,100,,8937,2,,,0,100,,8938,2,,,0,100,,8939,2,,,0,100,,8940,2,,,0,100,,8941,2,,,0,100,,8942,2,,,0,100,,8943,2,,,0,100,,8944,2,,,0,100,,8945,2,,,0,100,,8946,2,,,0
3500,'1',627,,9023,2,,,0,81,,9024,2,,,0,40,,9025,2,,,0,80,,9026,2,,,0,80,,9027,2,,,0,43,,9028,2,,,0,80,,9029,2,,,0,80,,9030,2,,,0,40,,9031,2,,,0,80,,9032,2,,,0,80,,9033,2,,,0,40,,9034,2,,,0,80,,9035,2,,,0,83,,9036,2,,,0,40,,9037,2,,,0,80,,9038,2,,,0,80,,9039,2,,,0,40,,9040,2,,,0,77,,9041,2,,,0,85,,8996,2,,,0,100,,8997,2,,,0,100,,8998,2,,,0,100,,8999,2,,,0,100,,9000,2,,,0,101,,9001,2,,,0
3500,'13301',2517,,9043,2,,,0,100,,9044,2,,,0,100,,9045,2,,,0
3500,'3',917,,9059,2,,,0,100,,9060,2,,,0,100,,9061,2,,,0,100,,9062,2,,,0,100,,9063,2,,,0,100,,9064,2,,,0,100,,9065,2,,,0,100,,9066,2,,,0,100,,9067,2,,,0,100,,9068,2,,,0,100,,9071,2,,,0,100,,9072,2,,,0,100,,9073,2,,,0
