401,'1',606,,6578,10,,,0,7,,6579,10,,,0,8,,6580,10,,,0,7,,6581,10,,,0,8,,6582,10,,,0,7,,6583,10,,,0,8,,6584,10,,,0,7,,6585,10,,,0,48,,6586,10,,,0,12,,6587,10,,,0,8,,6618,10,,,0,7,,6588,10,,,0,8,,6589,10,,,0,7,,6615,10,,,0,8,,6590,10,,,0,47,,6591,10,,,0,8,,6592,10,,,0,7,,6593,10,,,0,8,,6619,10,,,0,7,,6594,10,,,0,8,,6595,10,,,0,7,,6596,10,,,0,8,,6597,10,,,0,47,,6598,10,,,0,8,,6617,10,,,0,7,,6616,10,,,0,8,,6599,10,,,0,7,,6600,10,,,0,8,,6602,10,,,0,5,,6603,10,,,0,8,,6604,10,,,0,47,,6601,10,,,0,8,,6605,10,,,0,7,,6606,10,,,0,8,,6609,10,,,0,7,,6608,10,,,0,8,,6607,10,,,0,7,,6620,10,,,0,8,,6610,10,,,0,47,,6611,10,,,0,8,,6612,10,,,0,7,,6613,10,,,0,8,,6614,10,,,0,7,,6621,10,,,0,8,,6622,10,,,0,7,,6623,10,,,0,8,,6624,10,,,0,47,,6625,10,,,0,8,,6626,10,,,0,7,,6627,10,,,0,8,,6633,10,,,0,7,,6628,10,,,0,8,,6629,10,,,0,7,,6630,10,,,0,8,,6631,10,,,0,47,,6632,10,,,0,8,,6634,10,,,0,7,,6635,10,,,0,8,,6636,10,,,0,7,,6637,10,,,0,8,,6638,10,,,0,7,,6639,10,,,0,8,,6640,10,,,0,47,,6641,10,,,0,8,,6642,10,,,0,7,,6643,10,,,0,8,,6644,10,,,0,7,,6645,10,,,0,8,,6646,10,,,0,7,,6647,10,,,0,8,,6648,10,,,0,47,,6649,10,,,0,8,,6650,10,,,0,6,,6651,10,,,0,8,,6652,10,,,0,7,,6653,10,,,0,8,,6654,10,,,0,7,,6655,10,,,0,8,,6656,10,,,0,47,,6657,10,,,0,8,,6658,10,,,0,7,,6659,10,,,0,8,,6660,10,,,0,7,,6661,10,,,0,8,,6662,10,,,0,7,,6663,10,,,0,8,,6664,10,,,0,47,,6665,10,,,0,8,,6666,10,,,0,7,,6667,10,,,0,8,,6668,10,,,0,7,,6669,10,,,0,8,,6670,10,,,0,7,,6671,10,,,0,8,,6672,10,,,0,47,,6673,10,,,0,8,,6674,10,,,0,7,,6675,10,,,0,8,,6676,10,,,0,7,,6677,10,,,0,8,,6678,10,,,0,5,,6679,10,,,0,15,,6690,10,,,0,48,,6689,10,,,0,7,,6696,10,,,0,22,,6680,10,,,0,23,,6691,10,,,0,57,,6697,10,,,0,20,,6681,10,,,0,23,,6692,10,,,0,57,,6682,10,,,0,20,,6683,10,,,0,23,,6693,10,,,0,57,,6684,10,,,0,20,,6685,10,,,0,23,,6694,10,,,0,57,,6686,10,,,0,20,,6687,10,,,0,23,,6695,10,,,0,57,,6688,10,,,0
401,'13301',2435,,6698,10,,,0,23,,6705,10,,,0,57,,6702,10,,,0,20,,6699,10,,,0,23,,6706,10,,,0,57,,6703,10,,,0,20,,6700,10,,,0,23,,6707,10,,,0,57,,6704,10,,,0,20,,6701,10,,,0
401,'3',905,,6708,10,,,0,20,,6735,10,,,0,20,,6709,10,,,0,60,,6710,10,,,0,20,,6736,10,,,0,20,,6711,10,,,0,60,,6712,10,,,0,20,,6737,10,,,0,20,,6718,10,,,0,60,,6719,10,,,0,20,,6738,10,,,0,20,,6720,10,,,0,60,,6721,10,,,0,20,,6739,10,,,0,20,,6722,10,,,0,60,,6723,10,,,0,20,,6740,10,,,0,20,,6724,10,,,0,60,,6725,10,,,0,20,,6741,10,,,0,20,,6726,10,,,0,60,,6727,10,,,0,20,,6742,10,,,0,20,,6728,10,,,0,60,,6729,10,,,0,20,,6743,10,,,0,20,,6730,10,,,0,60,,6731,10,,,0,20,,6744,10,,,0,20,,6732,10,,,0,60,,6733,10,,,0,20,,6745,10,,,0,20,,6713,10,,,0,60,,6714,10,,,0,20,,6746,10,,,0,20,,6715,10,,,0,60,,6716,10,,,0,20,,6747,10,,,0,20,,6717,10,,,0
1601,'1',615,,8062,19,,,0,32,,8057,19,,,0,72,,8037,19,,,0,32,,8038,19,,,0,72,,8039,19,,,0,32,,8040,19,,,0,72,,8041,19,,,0,32,,8042,19,,,0,72,,8043,19,,,0,72,,8044,19,,,0,32,,8063,19,,,0,72,,8045,19,,,0,32,,8046,19,,,0,72,,8047,19,,,0,32,,8048,19,,,0,72,,8049,19,,,0,32,,8050,19,,,0,72,,8051,19,,,0,32,,8052,19,,,0,72,,8053,19,,,0,32,,8054,19,,,0,72,,8064,19,,,0,32,,8055,19,,,0,72,,8065,19,,,0,71,,8056,19,,,0,103,,8058,19,,,0,100,,8059,19,,,0,100,,8060,19,,,0,100,,8061,19,,,0,100,,8066,19,,,0
1601,'13301',2505,,8067,19,,,0,100,,8068,19,,,0,100,,8069,19,,,0
1601,'3',907,,8070,19,,,0,100,,8071,19,,,0,100,,8072,19,,,0,100,,8073,19,,,0,100,,8074,19,,,0,100,,8075,19,,,0,100,,8076,19,,,0,100,,8077,19,,,0,100,,8078,19,,,0,100,,8079,19,,,0,100,,8080,19,,,0,100,,8081,19,,,0,100,,8082,19,,,0
1700,'1',609,,8155,3,,,0,40,,8156,3,,,0,60,,8100,3,,,0,20,,8101,3,,,0,20,,8102,3,,,0,60,,8103,3,,,0,20,,8104,3,,,0,20,,8105,3,,,0,60,,8106,3,,,0,18,,8107,3,,,0,22,,8128,3,,,0,72,,8129,3,,,0,35,,8130,3,,,0,70,,8131,3,,,0,30,,8132,3,,,0,70,,8133,3,,,0,30,,8134,3,,,0,70,,8135,3,,,0,30,,8136,3,,,0,77,,8137,3,,,0,22,,8138,3,,,0,59,,8164,3,,,0,19,,8108,3,,,0,19,,8109,3,,,0,60,,8110,3,,,0,20,,8111,3,,,0,20,,8112,3,,,0,60,,8113,3,,,0,20,,8114,3,,,0,20,,8115,3,,,0,60,,8116,3,,,0,20,,8142,3,,,0,86,,8143,3,,,0,85,,8150,3,,,0,45,,8151,3,,,0,85,,8152,3,,,0,85,,8153,3,,,0,85,,8154,3,,,0,45,,8157,3,,,0,84,,8166,3,,,0
1700,'13301',2518,,8171,3,,,0,85,,8172,3,,,0,45,,8173,3,,,0
1700,'14001',739,,8174,3,,,0,20,,8175,3,,,0,60,,8176,3,,,0,20,,8177,3,,,0,20,,8178,3,,,0,643,,8189,3,,,0,20,,8179,3,,,0,20,,8180,3,,,0,60,,8181,3,,,0,20,,8182,3,,,0,20,,8183,3,,,0,60,,8184,3,,,0,20,,8185,3,,,0
1700,'3',909,,8206,3,,,0,45,,8207,3,,,0,85,,8208,3,,,0,85,,8209,3,,,0,85,,8210,3,,,0,45,,8211,3,,,0,85,,8212,3,,,0,85,,8213,3,,,0,85,,8214,3,,,0,45,,8215,3,,,0,85,,8216,3,,,0,85,,8217,3,,,0,85,,8218,3,,,0,45,,8219,3,,,0,85,,8220,3,,,0,85,,8221,3,,,0,85,,8222,3,,,0
54300,'14001',932,,10593,8,,,0
122500,'13803',1124,,10610,5,,,0,100,,10611,5,,,0,100,,10612,5,,,0,100,,10613,5,,,0,100,,10614,5,,,0,100,,10615,5,,,0,100,,10616,5,,,0
