1200,'1',616,,7698,2,,,0,30,,7699,2,,,0,70,,7700,2,,,0,30,,7701,2,,,0,70,,7702,2,,,0,30,,7703,2,,,0,70,,7704,2,,,0,30,,7705,2,,,0,70,,7706,2,,,0,30,,7707,2,,,0,70,,7708,2,,,0,30,,7709,2,,,0,70,,7710,2,,,0,30,,7711,2,,,0,70,,7712,2,,,0,30,,7713,2,,,0,70,,7714,2,,,0,30,,7715,2,,,0,70,,7716,2,,,0,30,,7717,2,,,0,70,,7718,2,,,0,30,,7719,2,,,0,70,,7720,2,,,0,30,,7721,2,,,0,70,,7722,2,,,0,100,,7723,2,,,0,100,,7724,2,,,0,100,,7725,2,,,0,100,,7726,2,,,0,100,,7727,2,,,0,101,,7728,2,,,0
1200,'13301',2516,,7729,2,,,0,100,,7730,2,,,0,100,,7731,2,,,0
1200,'3',916,,7732,2,,,0,100,,7733,2,,,0,100,,7734,2,,,0,100,,7735,2,,,0,100,,7736,2,,,0,100,,7737,2,,,0,100,,7738,2,,,0,100,,7739,2,,,0,100,,7740,2,,,0,100,,7741,2,,,0,100,,7742,2,,,0,100,,7743,2,,,0,101,,7744,2,,,0
1600,'1',625,,7990,2,,,0,32,,7991,2,,,0,72,,7992,2,,,0,72,,7993,2,,,0,32,,7994,2,,,0,72,,7995,2,,,0,32,,7996,2,,,0,72,,7997,2,,,0,32,,7998,2,,,0,72,,7999,2,,,0,32,,8000,2,,,0,72,,8010,2,,,0,32,,8011,2,,,0,72,,8001,2,,,0,32,,8002,2,,,0,72,,8003,2,,,0,32,,8004,2,,,0,72,,8005,2,,,0,72,,8006,2,,,0,32,,8007,2,,,0,72,,8008,2,,,0,32,,8012,2,,,0,72,,8009,2,,,0,32,,8013,2,,,0,75,,8014,2,,,0,100,,8015,2,,,0,100,,8016,2,,,0,100,,8017,2,,,0,100,,8018,2,,,0,100,,8019,2,,,0
1600,'13301',2516,,8020,2,,,0,100,,8021,2,,,0,100,,8022,2,,,0
1600,'3',816,,8036,2,,,0,100,,8023,2,,,0,100,,8024,2,,,0,100,,8025,2,,,0,100,,8026,2,,,0,100,,8027,2,,,0,100,,8028,2,,,0,100,,8029,2,,,0,100,,8030,2,,,0,100,,8031,2,,,0,100,,8032,2,,,0,100,,8033,2,,,0,100,,8034,2,,,0,101,,8035,2,,,0
4300,'1',617,,9119,2,,,0,30,,9120,2,,,0,66,,9121,2,,,0,30,,9122,2,,,0,70,,9123,2,,,0,30,,9124,2,,,0,69,,9125,2,,,0,27,,9126,2,,,0,70,,9127,2,,,0,30,,9128,2,,,0,70,,9129,2,,,0,30,,9130,2,,,0,70,,9131,2,,,0,30,,9132,2,,,0,70,,9133,2,,,0,30,,9134,2,,,0,70,,9135,2,,,0,30,,9136,2,,,0,67,,9137,2,,,0,30,,9138,2,,,0,70,,9139,2,,,0,30,,9140,2,,,0,70,,9141,2,,,0,30,,9142,2,,,0,70,,9143,2,,,0,30,,9144,2,,,0,70,,9145,2,,,0,100,,9146,2,,,0,100,,9147,2,,,0,100,,9148,2,,,0,100,,9149,2,,,0,100,,9150,2,,,0
4300,'13301',2506,,9151,2,,,0,100,,9152,2,,,0,100,,9153,2,,,0
4300,'3',836,,9154,2,,,0,100,,9155,2,,,0,100,,9156,2,,,0,100,,9157,2,,,0,100,,9158,2,,,0,100,,9159,2,,,0,100,,9160,2,,,0,100,,9161,2,,,0,100,,9162,2,,,0,100,,9163,2,,,0,100,,9164,2,,,0,100,,9165,2,,,0,100,,9166,2,,,0,100,,9167,2,,,0
4400,'1',624,,9221,2,,,0,30,,9222,2,,,0,66,,9223,2,,,0,30,,9224,2,,,0,70,,9225,2,,,0,30,,9226,2,,,0,69,,9227,2,,,0,28,,9228,2,,,0,70,,9229,2,,,0,30,,9230,2,,,0,70,,9231,2,,,0,30,,9232,2,,,0,70,,9233,2,,,0,30,,9234,2,,,0,70,,9235,2,,,0,30,,9236,2,,,0,70,,9237,2,,,0,30,,9238,2,,,0,67,,9239,2,,,0,30,,9240,2,,,0,70,,9241,2,,,0,30,,9242,2,,,0,70,,9243,2,,,0,30,,9244,2,,,0,102,,9245,2,,,0,100,,9246,2,,,0,100,,9247,2,,,0,100,,9248,2,,,0,100,,9249,2,,,0,101,,9250,2,,,0
4400,'13301',2446,,9251,2,,,0,100,,9252,2,,,0,100,,9253,2,,,0
4400,'3',916,,9266,2,,,0,100,,9265,2,,,0,100,,9261,2,,,0,100,,9260,2,,,0,100,,9259,2,,,0,100,,9258,2,,,0,100,,9257,2,,,0,100,,9256,2,,,0,100,,9255,2,,,0,100,,9254,2,,,0,100,,9264,2,,,0,100,,9263,2,,,0,100,,9262,2,,,0
4500,'1',602,,9318,2,,,0,29,,9319,2,,,0,26,,9320,2,,,0,70,,9321,2,,,0,30,,9322,2,,,0,70,,9323,2,,,0,30,,9324,2,,,0,69,,9325,2,,,0,30,,9326,2,,,0,70,,9327,2,,,0,30,,9328,2,,,0,70,,9329,2,,,0,30,,9330,2,,,0,70,,9331,2,,,0,30,,9332,2,,,0,70,,9333,2,,,0,30,,9334,2,,,0,70,,9335,2,,,0,30,,9336,2,,,0,66,,9337,2,,,0,30,,9338,2,,,0,70,,9339,2,,,0,30,,9340,2,,,0,70,,9341,2,,,0,93,,9342,2,,,0,111,,9343,2,,,0,100,,9344,2,,,0,100,,9345,2,,,0,100,,9346,2,,,0,100,,9347,2,,,0
4500,'13301',2426,,9348,2,,,0,100,,9349,2,,,0,100,,9350,2,,,0
4500,'3',856,,9363,2,,,0,100,,9362,2,,,0,100,,9351,2,,,0,100,,9361,2,,,0,100,,9360,2,,,0,100,,9359,2,,,0,100,,9358,2,,,0,100,,9357,2,,,0,100,,9356,2,,,0,100,,9355,2,,,0,100,,9354,2,,,0,101,,9353,2,,,0,99,,9352,2,,,0
4600,'1',609,,9412,2,,,0,29,,9413,2,,,0,66,,9414,2,,,0,30,,9415,2,,,0,70,,9416,2,,,0,30,,9417,2,,,0,71,,9418,2,,,0,29,,9419,2,,,0,70,,9420,2,,,0,30,,9421,2,,,0,70,,9422,2,,,0,30,,9423,2,,,0,70,,9424,2,,,0,30,,9425,2,,,0,70,,9426,2,,,0,30,,9427,2,,,0,70,,9428,2,,,0,29,,9429,2,,,0,25,,9430,2,,,0,70,,9431,2,,,0,30,,9432,2,,,0,70,,9433,2,,,0,30,,9434,2,,,0,70,,9435,2,,,0,30,,9436,2,,,0
