1600,'1',626,,7990,3,,,0,32,,7991,3,,,0,72,,7992,3,,,0,72,,7993,3,,,0,32,,7994,3,,,0,72,,7995,3,,,0,32,,7996,3,,,0,72,,7997,3,,,0,32,,7998,3,,,0,72,,7999,3,,,0,32,,8000,3,,,0,72,,8010,3,,,0,32,,8011,3,,,0,72,,8001,3,,,0,32,,8002,3,,,0,72,,8003,3,,,0,32,,8004,3,,,0,72,,8005,3,,,0,72,,8006,3,,,0,32,,8007,3,,,0,72,,8008,3,,,0,32,,8012,3,,,0,72,,8009,3,,,0,32,,8013,3,,,0,75,,8014,3,,,0,100,,8015,3,,,0,100,,8016,3,,,0,100,,8017,3,,,0,100,,8018,3,,,0,100,,8019,3,,,0
1600,'13301',2517,,8020,3,,,0,100,,8021,3,,,0,100,,8022,3,,,0
1600,'3',817,,8036,3,,,0,100,,8023,3,,,0,100,,8024,3,,,0,100,,8025,3,,,0,100,,8026,3,,,0,100,,8027,3,,,0,100,,8028,3,,,0,100,,8029,3,,,0,100,,8030,3,,,0,100,,8031,3,,,0,100,,8032,3,,,0,100,,8033,3,,,0,100,,8034,3,,,0,101,,8035,3,,,0
4300,'1',618,,9119,3,,,0,30,,9120,3,,,0,66,,9121,3,,,0,30,,9122,3,,,0,70,,9123,3,,,0,30,,9124,3,,,0,69,,9125,3,,,0,27,,9126,3,,,0,70,,9127,3,,,0,30,,9128,3,,,0,70,,9129,3,,,0,30,,9130,3,,,0,70,,9131,3,,,0,30,,9132,3,,,0,70,,9133,3,,,0,30,,9134,3,,,0,70,,9135,3,,,0,30,,9136,3,,,0,67,,9137,3,,,0,30,,9138,3,,,0,70,,9139,3,,,0,30,,9140,3,,,0,70,,9141,3,,,0,30,,9142,3,,,0,70,,9143,3,,,0,30,,9144,3,,,0,70,,9145,3,,,0,100,,9146,3,,,0,100,,9147,3,,,0,100,,9148,3,,,0,100,,9149,3,,,0,100,,9150,3,,,0
4300,'13301',2507,,9151,3,,,0,100,,9152,3,,,0,100,,9153,3,,,0
4300,'3',837,,9154,3,,,0,100,,9155,3,,,0,100,,9156,3,,,0,100,,9157,3,,,0,100,,9158,3,,,0,100,,9159,3,,,0,100,,9160,3,,,0,100,,9161,3,,,0,100,,9162,3,,,0,100,,9163,3,,,0,100,,9164,3,,,0,100,,9165,3,,,0,100,,9166,3,,,0,100,,9167,3,,,0
4400,'1',625,,9221,3,,,0,30,,9222,3,,,0,66,,9223,3,,,0,30,,9224,3,,,0,70,,9225,3,,,0,30,,9226,3,,,0,69,,9227,3,,,0,28,,9228,3,,,0,70,,9229,3,,,0,30,,9230,3,,,0,70,,9231,3,,,0,30,,9232,3,,,0,70,,9233,3,,,0,30,,9234,3,,,0,70,,9235,3,,,0,30,,9236,3,,,0,70,,9237,3,,,0,30,,9238,3,,,0,67,,9239,3,,,0,30,,9240,3,,,0,70,,9241,3,,,0,30,,9242,3,,,0,70,,9243,3,,,0,30,,9244,3,,,0,102,,9245,3,,,0,100,,9246,3,,,0,100,,9247,3,,,0,100,,9248,3,,,0,100,,9249,3,,,0,101,,9250,3,,,0
4400,'13301',2447,,9251,3,,,0,100,,9252,3,,,0,100,,9253,3,,,0
4400,'3',917,,9266,3,,,0,100,,9265,3,,,0,100,,9261,3,,,0,100,,9260,3,,,0,100,,9259,3,,,0,100,,9258,3,,,0,100,,9257,3,,,0,100,,9256,3,,,0,100,,9255,3,,,0,100,,9254,3,,,0,100,,9264,3,,,0,100,,9263,3,,,0,100,,9262,3,,,0
4500,'1',603,,9318,3,,,0,29,,9319,3,,,0,26,,9320,3,,,0,70,,9321,3,,,0,30,,9322,3,,,0,70,,9323,3,,,0,30,,9324,3,,,0,69,,9325,3,,,0,30,,9326,3,,,0,70,,9327,3,,,0,30,,9328,3,,,0,70,,9329,3,,,0,30,,9330,3,,,0,70,,9331,3,,,0,30,,9332,3,,,0,70,,9333,3,,,0,30,,9334,3,,,0,70,,9335,3,,,0,30,,9336,3,,,0,66,,9337,3,,,0,30,,9338,3,,,0,70,,9339,3,,,0,30,,9340,3,,,0,70,,9341,3,,,0,93,,9342,3,,,0,111,,9343,3,,,0,100,,9344,3,,,0,100,,9345,3,,,0,100,,9346,3,,,0,100,,9347,3,,,0
4500,'13301',2427,,9348,3,,,0,100,,9349,3,,,0,100,,9350,3,,,0
4500,'3',857,,9363,3,,,0,100,,9362,3,,,0,100,,9351,3,,,0,100,,9361,3,,,0,100,,9360,3,,,0,100,,9359,3,,,0,100,,9358,3,,,0,100,,9357,3,,,0,100,,9356,3,,,0,100,,9355,3,,,0,100,,9354,3,,,0,101,,9353,3,,,0,99,,9352,3,,,0
4600,'1',610,,9412,3,,,0,29,,9413,3,,,0,66,,9414,3,,,0,30,,9415,3,,,0,70,,9416,3,,,0,30,,9417,3,,,0,71,,9418,3,,,0,29,,9419,3,,,0,70,,9420,3,,,0,30,,9421,3,,,0,70,,9422,3,,,0,30,,9423,3,,,0,70,,9424,3,,,0,30,,9425,3,,,0,70,,9426,3,,,0,30,,9427,3,,,0,70,,9428,3,,,0,29,,9429,3,,,0,25,,9430,3,,,0,70,,9431,3,,,0,30,,9432,3,,,0,70,,9433,3,,,0,30,,9434,3,,,0,70,,9435,3,,,0,30,,9436,3,,,0
