200,'1',637,,6312,25,,,0,19,,6313,25,,,0,60,,6314,25,,,0,20,,6315,25,,,0,20,,6316,25,,,0,60,,6317,25,,,0,20,,6318,25,,,0,20,,6319,25,,,0,60,,6320,25,,,0,20,,6321,25,,,0,20,,6322,25,,,0,60,,6323,25,,,0,20,,6324,25,,,0,20,,6325,25,,,0,60,,6326,25,,,0,20,,6327,25,,,0,20,,6328,25,,,0,60,,6329,25,,,0,20,,6330,25,,,0,20,,6331,25,,,0,60,,6332,25,,,0,20,,6333,25,,,0,20,,6334,25,,,0,60,,6335,25,,,0,20,,6336,25,,,0,20,,6337,25,,,0,60,,6338,25,,,0,20,,6339,25,,,0,20,,6340,25,,,0,55,,6341,25,,,0,15,,6342,25,,,0,15,,6343,25,,,0,15,,6344,25,,,0,55,,6345,25,,,0,15,,6346,25,,,0,15,,6347,25,,,0,15,,6348,25,,,0,55,,6349,25,,,0,15,,6350,25,,,0,15,,6351,25,,,0,70,,6352,25,,,0,30,,6353,25,,,0,70,,6354,25,,,0,30,,6355,25,,,0,70,,6356,25,,,0,30,,6357,25,,,0,70,,6358,25,,,0,30,,6359,25,,,0,70,,6360,25,,,0,30,,6361,25,,,0,70,,6362,25,,,0,27,,6363,25,,,0
200,'13301',2452,,6364,25,,,0,70,,6365,25,,,0,30,,6366,25,,,0,70,,6367,25,,,0,30,,6368,25,,,0,70,,6369,25,,,0,30,,6370,25,,,0
200,'3',911,,6373,25,,,0,30,,6396,25,,,0,70,,6372,25,,,0,30,,6395,25,,,0,70,,6371,25,,,0,30,,6394,25,,,0,70,,6393,25,,,0,30,,6392,25,,,0,70,,6391,25,,,0,30,,6390,25,,,0,70,,6389,25,,,0,30,,6388,25,,,0,70,,6387,25,,,0,30,,6386,25,,,0,70,,6385,25,,,0,30,,6384,25,,,0,70,,6383,25,,,0,30,,6382,25,,,0,70,,6381,25,,,0,30,,6380,25,,,0,70,,6376,25,,,0,30,,6379,25,,,0,70,,6375,25,,,0,30,,6378,25,,,0,70,,6374,25,,,0,27,,6377,25,,,0
500,'1',706,,6748,24,,,0,30,,6749,24,,,0,70,,6750,24,,,0,30,,6751,24,,,0,70,,6752,24,,,0,30,,6753,24,,,0,70,,6754,24,,,0,30,,6755,24,,,0,70,,6756,24,,,0,30,,6757,24,,,0,70,,6758,24,,,0,30,,6759,24,,,0,70,,6760,24,,,0,30,,6761,24,,,0,70,,6762,24,,,0,30,,6763,24,,,0,70,,6764,24,,,0,30,,6765,24,,,0,70,,6766,24,,,0,30,,6767,24,,,0,70,,6768,24,,,0,30,,6769,24,,,0,70,,6770,24,,,0,30,,6771,24,,,0,95,,6802,24,,,0,100,,6803,24,,,0,100,,6804,24,,,0,100,,6805,24,,,0,100,,6806,24,,,0,100,,6807,24,,,0
500,'13301',2531,,6812,24,,,0,100,,6813,24,,,0,100,,6814,24,,,0
500,'3',931,,6830,24,,,0,100,,6829,24,,,0,100,,6827,24,,,0,100,,6826,24,,,0,100,,6825,24,,,0,100,,6824,24,,,0,100,,6823,24,,,0,100,,6822,24,,,0,100,,6821,24,,,0,100,,6831,24,,,0,100,,6839,24,,,0,100,,6817,24,,,0,100,,6816,24,,,0
6001,'1',632,,9708,12,,,0,70,,9732,12,,,0,21,,9740,12,,,0,9,,9731,12,,,0,21,,9741,12,,,0,49,,9730,12,,,0,21,,9742,12,,,0,9,,9729,12,,,0,70,,9728,12,,,0,30,,9727,12,,,0,70,,9726,12,,,0,30,,9725,12,,,0,70,,9724,12,,,0,30,,9723,12,,,0,70,,9722,12,,,0,30,,9721,12,,,0,70,,9720,12,,,0,30,,9719,12,,,0,70,,9718,12,,,0,30,,9717,12,,,0,70,,9716,12,,,0,30,,9715,12,,,0,70,,9714,12,,,0,30,,9713,12,,,0,21,,9743,13,,,0,49,,9712,12,,,0,6,,9744,13,,,0,24,,9738,12,,,0,70,,9739,12,,,0,30,,9711,12,,,0,100,,9710,12,,,0,100,,9733,12,,,0,100,,9734,12,,,0,100,,9735,12,,,0,100,,9736,12,,,0,100,,9737,12,,,0
6001,'1201',1608,,9746,13,,,0,15,,9745,13,,,0
6001,'12801',1608,,9747,13,,,0,15,,9748,13,,,0
6001,'13301',2531,,9749,12,,,0,100,,9750,12,,,0,100,,9751,12,,,0
6001,'3',932,,9762,12,,,0,100,,9761,12,,,0,100,,9760,12,,,0,100,,9759,12,,,0,100,,9758,12,,,0,100,,9757,12,,,0,100,,9756,12,,,0,100,,9755,12,,,0,100,,9765,12,,,0,100,,9754,12,,,0,100,,9753,12,,,0,100,,9763,12,,,0,100,,9764,12,,,0
6100,'1',624,,9798,6,,,0,9,,9796,6,,,0,70,,9795,6,,,0,30,,9794,6,,,0,70,,9793,6,,,0,30,,9792,6,,,0,70,,9791,6,,,0,30,,9790,6,,,0,70,,9789,6,,,0,30,,9788,6,,,0,70,,9787,6,,,0,30,,9786,6,,,0,70,,9785,6,,,0,30,,9784,6,,,0,70,,9783,6,,,0,30,,9782,6,,,0,70,,9781,6,,,0,30,,9780,6,,,0,70,,9779,6,,,0,30,,9778,6,,,0,70,,9777,6,,,0,30,,9773,6,,,0,70,,9772,6,,,0,30,,9766,6,,,0,70,,9776,6,,,0,30,,9775,6,,,0,21,,9774,6,,,0,79,,9771,6,,,0,100,,9770,6,,,0,100,,9769,6,,,0,100,,9768,6,,,0,100,,9767,6,,,0,99,,9797,6,,,0
6100,'1201',810,,9809,6,,,0,8,,9801,6,,,0,11,,9802,6,,,0,20,,9803,6,,,0,306,,9810,6,,,0,65,,9811,6,,,0,304,,9805,6,0,13 14,0,10,,9807,6,0,13 14,0,10,,9804,6,0,13 14,0,7,,9806,6,,,0,67,,9799,6,,,0,30,,9800,6,,,0
6100,'13301',2533,,9812,6,,,0,100,,9813,6,,,0,100,,9814,6,,,0
6100,'3',833,,9827,6,,,0,100,,9826,6,,,0,100,,9825,6,,,0,100,,9824,6,,,0,100,,9823,6,,,0,100,,9822,6,,,0,100,,9821,6,,,0,100,,9820,6,,,0,100,,9818,6,,,0,100,,9815,6,,,0,100,,9819,6,,,0,100,,9817,6,,,0,100,,9816,6,,,0,99,,9828,6,,,0
6501,'1',647,,10167,12,,,0,70,,10166,12,,,0,30,,10165,12,,,0,70,,10164,12,,,0,30,,10163,12,,,0,70,,10162,12,,,0,30,,10161,12,,,0,70,,10160,12,,,0,30,,10159,12,,,0,70,,10158,12,,,0,30,,10157,12,,,0,70,,10156,12,,,0,30,,10155,12,,,0,70,,10154,12,,,0,30,,10153,12,,,0,70,,10152,12,,,0,30,,10151,12,,,0,70,,10150,12,,,0,30,,10149,12,,,0,70,,10148,12,,,0,30,,10147,12,,,0,70,,10146,12,,,0,30,,10145,12,,,0,70,,10144,12,,,0,30,,10143,12,,,0,55,,10135,12,,,0,100,,10142,12,,,0,100,,10141,12,,,0,100,,10140,12,,,0,100,,10139,12,,,0,101,,10138,12,,,0
6501,'13301',2502,,10168,12,,,0,100,,10169,12,,,0,100,,10170,12,,,0
6501,'3',902,,10176,12,,,0,100,,10175,12,,,0,100,,10174,12,,,0,100,,10177,12,,,0,100,,10178,12,,,0,100,,10179,12,,,0,100,,10180,12,,,0,100,,10181,12,,,0,100,,10182,12,,,0,100,,10183,12,,,0,100,,10171,12,,,0,100,,10173,12,,,0,100,,10172,12,,,0
31500,'1201',1518,,10526,11,,,0,20,,10527,4,,,0,10,,10525,13,,,0
122500,'13803',1045,,10603,4,0,27 12,0,100,,10604,4,0,27 12,0,100,,10605,4,0,27 12,0,100,,10606,4,0,27 12,0,100,,10607,4,0,27 12,0,100,,10608,4,0,27 12,0,100,,10609,4,0,27 12,0
