100,'1',613,,6213,23,,,0,30,,6214,23,,,0,67,,6215,23,,,0,30,,6216,23,,,0,70,,6217,23,,,0,30,,6218,23,,,0,70,,6219,23,,,0,30,,6220,23,,,0,71,,6221,23,,,0,30,,6222,23,,,0,70,,6223,23,,,0,30,,6224,23,,,0,70,,6225,23,,,0,30,,6226,23,,,0,70,,6227,23,,,0,30,,6228,23,,,0,70,,6229,23,,,0,30,,6230,23,,,0,70,,6231,23,,,0,31,,6232,23,,,0,70,,6233,23,,,0,15,,6234,23,,,0,15,,6235,23,,,0,70,,6236,23,,,0,30,,6237,23,,,0,70,,6238,23,,,0,30,,6239,23,,,0,68,,6240,23,,,0,100,,6241,23,,,0,100,,6242,23,,,0,100,,6243,23,,,0,100,,6244,23,,,0,100,,6245,23,,,0
100,'13301',2510,,6246,23,,,0,100,,6247,23,,,0,100,,6248,23,,,0
100,'3',911,,6249,23,,,0,100,,6250,23,,,0,100,,6251,23,,,0,100,,6252,23,,,0,100,,6253,23,,,0,100,,6254,23,,,0,100,,6255,23,,,0,100,,6256,23,,,0,100,,6257,23,,,0,100,,6258,23,,,0,100,,6259,23,,,0,100,,6260,23,,,0,100,,6261,23,,,0
201,'1',626,,6397,26,,,0,20,,6398,26,,,0,60,,6399,26,,,0,20,,6400,26,,,0,20,,6401,26,,,0,60,,6402,26,,,0,20,,6403,26,,,0,20,,6404,26,,,0,60,,6405,26,,,0,20,,6406,26,,,0,20,,6407,26,,,0,60,,6408,26,,,0,20,,6409,26,,,0,20,,6410,26,,,0,60,,6411,26,,,0,20,,6412,26,,,0,20,,6413,26,,,0,60,,6414,26,,,0,20,,6415,26,,,0,20,,6416,26,,,0,60,,6417,26,,,0,20,,6418,26,,,0,20,,6419,26,,,0,60,,6420,26,,,0,20,,6421,26,,,0,20,,6422,26,,,0,60,,6423,26,,,0,20,,6424,26,,,0,20,,6434,26,,,0,60,,6425,26,,,0,20,,6426,26,,,0,15,,6427,26,,,0,15,,6428,26,,,0,55,,6429,26,,,0,15,,6430,26,,,0,15,,6431,26,,,0,15,,6432,26,,,0,55,,6433,26,,,0,15,,6435,26,,,0,14,,6448,26,,,0,15,,6436,26,,,0,55,,6437,26,,,0,30,,6438,26,,,0,70,,6439,26,,,0,30,,6440,26,,,0,70,,6441,26,,,0,30,,6442,26,,,0,70,,6443,26,,,0,30,,6444,26,,,0,70,,6445,26,,,0,30,,6446,26,,,0,70,,6447,26,,,0
201,'13301',2454,,6449,26,,,0,70,,6450,26,,,0,30,,6451,26,,,0,70,,6452,26,,,0,30,,6453,26,,,0,70,,6454,26,,,0,30,,6455,26,,,0
201,'3',912,,6481,26,,,0,30,,6457,26,,,0,70,,6480,26,,,0,30,,6456,26,,,0,70,,6479,26,,,0,30,,6478,26,,,0,70,,6477,26,,,0,30,,6476,26,,,0,70,,6475,26,,,0,30,,6474,26,,,0,70,,6473,26,,,0,30,,6472,26,,,0,70,,6471,26,,,0,30,,6470,26,,,0,70,,6469,26,,,0,30,,6468,26,,,0,70,,6467,26,,,0,30,,6466,26,,,0,70,,6465,26,,,0,30,,6464,26,,,0,70,,6463,26,,,0,30,,6460,26,,,0,70,,6462,26,,,0,30,,6459,26,,,0,70,,6461,26,,,0,25,,6458,26,,,0
801,'1',618,,7322,17,,,0,10,,7323,17,,,0,10,,7324,17,,,0,10,,7325,17,,,0,10,,7234,17,,,0,50,,7237,17,,,0,11,,7240,17,,,0,10,,7243,17,,,0,10,,7245,17,,,0,10,,7235,17,,,0,10,,7238,17,,,0,50,,7241,17,,,0,10,,7244,17,,,0,10,,7246,17,,,0,10,,7236,17,,,0,10,,7239,17,,,0,10,,7242,17,,,0,50,,7298,17,,,0,10,,7299,17,,,0,10,,7300,17,,,0,10,,7301,17,,,0,10,,7247,17,,,0,10,,7254,17,,,0,50,,7261,17,,,0,10,,7268,17,,,0,10,,7274,17,,,0,10,,7248,17,,,0,10,,7255,17,,,0,10,,7262,17,,,0,50,,7269,17,,,0,10,,7275,17,,,0,10,,7249,17,,,0,10,,7256,17,,,0,10,,7263,17,,,0,10,,7270,17,,,0,50,,7276,17,,,0,10,,7250,17,,,0,10,,7257,17,,,0,10,,7264,17,,,0,10,,7271,17,,,0,10,,7277,17,,,0,50,,7251,17,,,0,10,,7258,17,,,0,10,,7265,17,,,0,10,,7272,17,,,0,10,,7278,17,,,0,10,,7252,17,,,0,50,,7259,17,,,0,10,,7266,17,,,0,10,,7273,17,,,0,10,,7279,17,,,0,10,,7253,17,,,0,10,,7260,17,,,0,50,,7267,17,,,0,10,,7302,17,,,0,10,,7303,17,,,0,10,,7304,17,,,0,11,,7280,17,,,0,50,,7284,17,,,0,10,,7288,17,,,0,10,,7292,17,,,0,10,,7295,17,,,0,10,,7281,17,,,0,10,,7285,17,,,0,50,,7289,17,,,0,10,,7293,17,,,0,10,,7296,17,,,0,10,,7282,17,,,0,10,,7286,17,,,0,10,,7290,17,,,0,50,,7294,17,,,0,10,,7297,17,,,0,10,,7283,17,,,0,10,,7287,17,,,0,10,,7291,17,,,0,9,,7305,17,,,0,58,,7307,17,,,0,20,,7306,17,,,0,22,,7308,17,,,0,62,,7309,17,,,0,22,,7310,17,,,0,22,,7311,17,,,0,60,,7312,17,,,0,22,,7313,17,,,0,22,,7314,17,,,0,62,,7315,17,,,0,22,,7316,17,,,0,62,,7317,17,,,0,22,,7318,17,,,0,22,,7319,17,,,0,62,,7320,17,,,0,22,,7321,17,,,0
801,'13301',2455,,7326,17,,,0,62,,7327,17,,,0,22,,7328,17,,,0,62,,7329,17,,,0,22,,7330,17,,,0,22,,7331,17,,,0,62,,7332,17,,,0,22,,7333,17,,,0
801,'3',842,,7334,17,,,0,62,,7335,17,,,0,22,,7336,17,,,0,22,,7337,17,,,0,62,,7338,17,,,0,22,,7339,17,,,0,22,,7340,17,,,0,62,,7341,17,,,0,22,,7342,17,,,0,62,,7343,17,,,0,22,,7344,17,,,0,22,,7345,17,,,0,62,,7346,17,,,0,22,,7347,17,,,0,22,,7348,17,,,0,62,,7349,17,,,0,22,,7350,17,,,0,22,,7351,17,,,0,62,,7352,17,,,0,22,,7353,17,,,0,62,,7354,17,,,0,22,,7355,17,,,0,22,,7356,17,,,0,62,,7357,17,,,0,22,,7358,17,,,0,22,,7359,17,,,0,62,,7360,17,,,0,22,,7361,17,,,0,22,,7362,17,,,0,62,,7363,17,,,0,22,,7364,17,,,0,62,,7365,17,,,0,22,,7366,17,,,0,22,,7367,17,,,0,62,,7368,17,,,0,22,,7369,17,,,0
901,'1',627,,7425,18,,,0,15,,7426,37,,,0,70,,7427,37,,,0,30,,7428,37,,,0,70,,7429,37,,,0,30,,7430,38,,,0,70,,7431,38,,,0,30,,7432,37,,,0,70,,7439,38,,,0,30,,7433,37,,,0,70,,7440,38,,,0,30,,7434,37,,,0,70,,7441,38,,,0,30,,7435,37,,,0,70,,7442,38,,,0,30,,7436,37,,,0,70,,7443,38,,,0,30,,7437,37,,,0,70,,7444,38,,,0,30,,7438,37,,,0,70,,7445,38,,,0,30,,7448,37,,,0,70,,7446,37,,,0,30,,7449,37,,,0,70,,7447,37,,,0,30,,7450,37,,,0,70,,7451,38,,,0,30,,7419,38,,,0,100,,7420,38,,,0,100,,7421,38,,,0,100,,7422,38,,,0,100,,7423,38,,,0
901,'13301',2542,,7452,38,,,0,100,,7453,38,,,0,100,,7454,38,,,0
901,'3',842,,7455,18,,,0,100,,7465,38,,,0,100,,7464,38,,,0,100,,7463,38,,,0,100,,7462,38,,,0,100,,7461,38,,,0,100,,7460,38,,,0,100,,7459,38,,,0,100,,7468,38,,,0,100,,7467,38,,,0,100,,7466,38,,,0,100,,7458,38,,,0,100,,7457,38,,,0
1500,'1',643,,7898,2,,,0,15,,7899,2,,,0,55,,7900,2,,,0,15,,7901,2,,,0,15,,7902,2,,,0,15,,7903,2,,,0,55,,7904,2,,,0,15,,7905,2,,,0,15,,7906,2,,,0,15,,7907,2,,,0,55,,7916,2,,,0,15,,7917,2,,,0,15,,7924,2,,,0,15,,7897,2,,,0,55,,7884,2,,,0,15,,7925,2,,,0,15,,7883,2,,,0,15,,7896,2,,,0,55,,7882,2,,,0,15,,7895,2,,,0,15,,7881,2,,,0,15,,7894,2,,,0,55,,7880,2,,,0,15,,7908,2,,,0,15,,7909,2,,,0,15,,7893,2,,,0,55,,7879,2,,,0,15,,7892,2,,,0,15,,7878,2,,,0,15,,7891,2,,,0,55,,7877,2,,,0,15,,7890,2,,,0,15,,7919,2,,,0,15,,7889,2,,,0,55,,7923,2,,,0,15,,7888,2,,,0,15,,7910,2,,,0,15,,7887,2,,,0,55,,7911,2,,,0,15,,7912,2,,,0,15,,7920,2,,,0,15,,7886,2,,,0,55,,7921,2,,,0,15,,7885,2,,,0,15,,7922,2,,,0,15,,7913,2,,,0,55,,7914,2,,,0,15,,7915,2,,,0,15,,7918,2,,,0
1500,'3',1428,,7930,2,,,0,15,,7928,2,,,0,15,,7931,2,,,0,55,,7927,2,,,0,15,,7929,2,,,0,15,,7926,2,,,0
32501,'1201',1527,,10529,5,,,0
