1500,'1',1844,,7918,3,4,,0
1500,'3',1429,,7930,3,4,,0,15,,7928,3,4,,0,15,,7931,3,4,,0,55,,7927,3,4,,0,15,,7929,3,4,,0,15,,7926,3,4,,0
1501,'1',617,,7952,1,,,0,15,,7951,1,,,0,15,,7950,1,,,0,55,,7949,1,,,0,15,,7948,1,,,0,15,,7947,1,,,0,15,,7946,1,,,0,55,,7945,1,,,0,15,,7944,1,,,0,15,,7943,1,,,0,15,,7966,1,,,0,55,,7953,1,,,0,15,,7967,1,,,0,15,,7942,1,,,0,15,,7968,1,,,0,55,,7954,1,,,0,15,,7969,1,,,0,15,,7955,1,,,0,15,,7970,1,,,0,55,,7956,1,,,0,15,,7971,1,,,0,15,,7957,1,,,0,15,,7972,1,,,0,55,,7983,1,,,0,15,,7973,1,,,0,15,,7941,1,,,0,15,,7940,1,,,0,55,,7958,1,,,0,15,,7974,1,,,0,15,,7959,1,,,0,15,,7975,1,,,0,55,,7960,1,,,0,15,,7976,1,,,0,15,,7961,1,,,0,15,,7977,1,,,0,55,,7962,1,,,0,15,,7981,1,,,0,15,,7963,1,,,0,15,,7939,1,,,0,55,,7982,1,,,0,15,,7938,1,,,0,15,,7937,1,,,0,15,,7978,1,,,0,55,,7964,1,,,0,15,,7979,1,,,0,15,,7965,1,,,0,15,,7980,1,,,0,55,,7936,1,,,0,15,,7935,1,,,0,15,,7934,1,,,0,15,,7933,1,,,0,55,,7932,1,,,0
1501,'3',1432,,7985,1,,,0,15,,7988,1,,,0,55,,7989,1,,,0,15,,7987,1,,,0,15,,7984,1,,,0,15,,7986,1,,,0
2200,'1',1631,,8563,1,,,0,70,,8564,1,,,0,30,,8565,1,,,0
2200,'1201',1531,,8566,1,,,0,70,,8567,1,,,0
2200,'12801',1531,,8568,1,,,0,70,,8569,1,,,0
6000,'1',1621,,9688,10,4,,0,30,,9689,10,4,,0,70,,9690,10,4,,0
33300,'1',1245,,10537,1,,,0,80,,10538,1,,,0,420,,10530,1,,,0,60,,10531,1,,,0,20,,10532,1,,,0,20,,10533,1,,,0,60,,10534,1,,,0,20,,10535,1,,,0,20,,10536,1,,,0
33300,'11903',1345,,10546,1,,,0,80,,10547,1,,,0,20,,10548,1,,,0,80,,10549,1,,,0,220,,10539,1,,,0,60,,10540,1,,,0,20,,10541,1,,,0,20,,10542,1,,,0,60,,10543,1,,,0,20,,10544,1,,,0,20,,10545,1,,,0
33301,'1',1325,,10555,2,4,,0,500,,10550,2,4,,0,20,,10551,2,4,,0,60,,10552,2,4,,0,20,,10553,2,4,,0,20,,10554,2,4,,0
33301,'11903',1425,,10561,2,4,,0,100,,10562,2,4,,0,300,,10556,2,4,,0,20,,10557,2,4,,0,60,,10558,2,4,,0,20,,10559,2,4,,0,20,,10560,2,4,,0
122500,'13803',1031,,10603,1,0,27 12,0,98,,10610,6,4,,0,2,,10604,1,0,27 12,0,98,,10611,6,4,,0,2,,10605,1,0,27 12,0,98,,10612,6,4,,0,2,,10606,1,0,27 12,0,98,,10613,6,4,,0,2,,10607,1,0,27 12,0,98,,10614,6,4,,0,2,,10608,1,0,27 12,0,98,,10615,6,4,,0,2,,10609,1,0,27 12,0,98,,10616,6,4,,0
