1600,'1',627,,7990,5,,,0,32,,7991,5,,,0,72,,7992,5,,,0,72,,7993,5,,,0,32,,7994,5,,,0,72,,7995,5,,,0,32,,7996,5,,,0,72,,7997,5,,,0,32,,7998,5,,,0,72,,7999,5,,,0,32,,8000,5,,,0,72,,8010,5,,,0,32,,8011,5,,,0,72,,8001,5,,,0,32,,8002,5,,,0,72,,8003,5,,,0,32,,8004,5,,,0,72,,8005,5,,,0,72,,8006,5,,,0,32,,8007,5,,,0,72,,8008,5,,,0,32,,8012,5,,,0,72,,8009,5,,,0,31,,8013,5,,,0,75,,8014,5,,,0,100,,8015,5,,,0,100,,8016,5,,,0,100,,8017,5,,,0,100,,8018,5,,,0,100,,8019,5,,,0
1600,'13301',2517,,8020,5,,,0,100,,8021,5,,,0,100,,8022,5,,,0
1600,'3',817,,8036,5,,,0,100,,8023,5,,,0,100,,8024,5,,,0,100,,8025,5,,,0,100,,8026,5,,,0,100,,8027,5,,,0,100,,8028,5,,,0,100,,8029,5,,,0,100,,8030,5,,,0,100,,8031,5,,,0,100,,8032,5,,,0,100,,8033,5,,,0,100,,8034,5,,,0,101,,8035,5,,,0
4300,'1',618,,9119,5,,,0,30,,9120,5,,,0,67,,9121,5,,,0,30,,9122,5,,,0,70,,9123,5,,,0,30,,9124,5,,,0,69,,9125,5,,,0,27,,9126,5,,,0,70,,9127,5,,,0,30,,9128,5,,,0,70,,9129,5,,,0,30,,9130,5,,,0,70,,9131,5,,,0,30,,9132,5,,,0,70,,9133,5,,,0,30,,9134,5,,,0,70,,9135,5,,,0,30,,9136,5,,,0,67,,9137,5,,,0,30,,9138,5,,,0,70,,9139,5,,,0,30,,9140,5,,,0,70,,9141,5,,,0,30,,9142,5,,,0,70,,9143,5,,,0,29,,9144,5,,,0,70,,9145,5,,,0,100,,9146,5,,,0,100,,9147,5,,,0,100,,9148,5,,,0,100,,9149,5,,,0,100,,9150,5,,,0
4300,'13301',2507,,9151,5,,,0,100,,9152,5,,,0,100,,9153,5,,,0
4300,'3',837,,9154,5,,,0,100,,9155,5,,,0,100,,9156,5,,,0,100,,9157,5,,,0,100,,9158,5,,,0,100,,9159,5,,,0,100,,9160,5,,,0,100,,9161,5,,,0,100,,9162,5,,,0,100,,9163,5,,,0,100,,9164,5,,,0,100,,9165,5,,,0,100,,9166,5,,,0,100,,9167,5,,,0
4400,'1',625,,9221,5,,,0,30,,9222,5,,,0,67,,9223,5,,,0,30,,9224,5,,,0,70,,9225,5,,,0,30,,9226,5,,,0,69,,9227,5,,,0,28,,9228,5,,,0,70,,9229,5,,,0,30,,9230,5,,,0,70,,9231,5,,,0,30,,9232,5,,,0,70,,9233,5,,,0,30,,9234,5,,,0,70,,9235,5,,,0,30,,9236,5,,,0,70,,9237,5,,,0,30,,9238,5,,,0,67,,9239,5,,,0,30,,9240,5,,,0,70,,9241,5,,,0,30,,9242,5,,,0,70,,9243,5,,,0,30,,9244,5,,,0,101,,9245,5,,,0,100,,9246,5,,,0,100,,9247,5,,,0,100,,9248,5,,,0,100,,9249,5,,,0,101,,9250,5,,,0
4400,'13301',2447,,9251,5,,,0,100,,9252,5,,,0,100,,9253,5,,,0
4400,'3',917,,9266,5,,,0,100,,9265,5,,,0,100,,9261,5,,,0,100,,9260,5,,,0,100,,9259,5,,,0,100,,9258,5,,,0,100,,9257,5,,,0,100,,9256,5,,,0,100,,9255,5,,,0,100,,9254,5,,,0,100,,9264,5,,,0,100,,9263,5,,,0,100,,9262,5,,,0
4500,'1',603,,9318,5,,,0,29,,9319,5,,,0,27,,9320,5,,,0,70,,9321,5,,,0,30,,9322,5,,,0,70,,9323,5,,,0,30,,9324,5,,,0,69,,9325,5,,,0,30,,9326,5,,,0,70,,9327,5,,,0,30,,9328,5,,,0,70,,9329,5,,,0,30,,9330,5,,,0,70,,9331,5,,,0,30,,9332,5,,,0,70,,9333,5,,,0,30,,9334,5,,,0,70,,9335,5,,,0,30,,9336,5,,,0,66,,9337,5,,,0,30,,9338,5,,,0,70,,9339,5,,,0,30,,9340,5,,,0,70,,9341,5,,,0,93,,9342,5,,,0,110,,9343,5,,,0,100,,9344,5,,,0,100,,9345,5,,,0,100,,9346,5,,,0,100,,9347,5,,,0
4500,'13301',2427,,9348,5,,,0,100,,9349,5,,,0,100,,9350,5,,,0
4500,'3',857,,9363,5,,,0,100,,9362,5,,,0,100,,9351,5,,,0,100,,9361,5,,,0,100,,9360,5,,,0,100,,9359,5,,,0,100,,9358,5,,,0,100,,9357,5,,,0,100,,9356,5,,,0,100,,9355,5,,,0,100,,9354,5,,,0,101,,9353,5,,,0,99,,9352,5,,,0
4600,'1',610,,9412,5,,,0,29,,9413,5,,,0,67,,9414,5,,,0,30,,9415,5,,,0,70,,9416,5,,,0,30,,9417,5,,,0,71,,9418,5,,,0,29,,9419,5,,,0,70,,9420,5,,,0,30,,9421,5,,,0,70,,9422,5,,,0,30,,9423,5,,,0,70,,9424,5,,,0,30,,9425,5,,,0,70,,9426,5,,,0,30,,9427,5,,,0,70,,9428,5,,,0,29,,9429,5,,,0,65,,9430,5,,,0,30,,9431,5,,,0,70,,9432,5,,,0,30,,9433,5,,,0,70,,9434,5,,,0,30,,9435,5,,,0,70,,9436,5,,,0
