500,'1',1933,,6802,26,4,,0,100,,6803,26,4,,0,100,,6804,26,4,,0,100,,6805,26,4,,0,100,,6806,26,4,,0,100,,6807,26,4,,0
500,'13301',2533,,6812,26,4,,0,100,,6813,26,4,,0,100,,6814,26,4,,0
500,'3',933,,6830,26,4,,0,100,,6829,26,4,,0,100,,6827,26,4,,0,100,,6826,26,4,,0,100,,6825,26,4,,0,100,,6824,26,4,,0,100,,6823,26,4,,0,100,,6822,26,4,,0,100,,6821,26,4,,0,100,,6831,26,4,,0,100,,6839,26,4,,0,100,,6817,26,4,,0,100,,6816,26,4,,0
900,'1',711,,7371,56,4,,0,30,,7372,56,4,,0,70,,7373,56,4,,0,30,,7374,56,4,,0,67,,7375,46,4,,0,30,,7376,46,4,,0,70,,7377,46,4,,0,30,,7378,46,4,,0,70,,7379,46,4,,0,30,,7380,46,4,,0,70,,7381,46,4,,0,30,,7382,46,4,,0,70,,7383,46,4,,0,30,,7384,46,4,,0,70,,7385,46,4,,0,30,,7386,46,4,,0,70,,7401,46,4,,0,30,,7387,46,4,,0,73,,7388,56,4,,0,30,,7389,56,4,,0,70,,7390,56,4,,0,30,,7391,56,4,,0,70,,7392,56,4,,0,29,,7393,56,4,,0
2200,'1',1700,,8563,41,4,,0,30,,8564,41,4,,0,70,,8565,41,4,,0
2200,'1201',1600,,8566,41,4,,0,30,,8567,41,4,,0
2200,'12801',1600,,8568,41,4,,0,30,,8569,41,4,,0
6000,'1',1602,,9688,1,,,0,30,,9689,1,,,0,70,,9690,1,,,0,747,,9656,8,4,,0
6000,'3',2149,,9694,8,4,,0
6001,'1',611,,9709,1,,,0,24,,9708,14,,,0,70,,9732,14,,,0,20,,9740,14,4,,0,10,,9731,14,,,0,20,,9741,14,4,,0,50,,9730,14,,,0,20,,9742,14,4,,0,10,,9729,14,,,0,70,,9728,14,,,0,30,,9727,14,,,0,70,,9726,14,,,0,30,,9725,14,,,0,70,,9724,14,,,0,30,,9723,14,,,0,70,,9722,14,,,0,30,,9721,14,,,0,70,,9720,14,,,0,30,,9719,14,,,0,70,,9718,14,,,0,30,,9717,14,,,0,70,,9716,14,,,0,30,,9715,14,,,0,70,,9714,14,,,0,30,,9713,14,,,0,20,,9743,15,4,,0,50,,9712,14,,,0,5,,9744,15,4,,0,25,,9738,14,,,0,70,,9739,14,,,0,30,,9711,14,,,0,100,,9710,14,,,0,100,,9733,14,,,0,100,,9734,14,,,0,100,,9735,14,,,0,100,,9736,14,,,0,100,,9737,14,,,0
6001,'1201',1610,,9746,15,4,,0,15,,9745,15,4,,0
6001,'12801',1610,,9747,15,4,,0,15,,9748,15,4,,0
6001,'13301',2534,,9749,14,,,0,100,,9750,14,,,0,100,,9751,14,,,0
6001,'3',836,,9752,1,,,0,99,,9762,14,,,0,100,,9761,14,,,0,100,,9760,14,,,0,100,,9759,14,,,0,100,,9758,14,,,0,100,,9757,14,,,0,100,,9756,14,,,0,100,,9755,14,,,0,100,,9765,14,,,0,100,,9754,14,,,0,100,,9753,14,,,0,100,,9763,14,,,0,100,,9764,14,,,0
6100,'1',625,,9798,8,4,,0,10,,9796,8,4,,0,70,,9795,8,4,,0,30,,9794,8,4,,0,70,,9793,8,4,,0,30,,9792,8,4,,0,70,,9791,8,4,,0,30,,9790,8,4,,0,70,,9789,8,4,,0,30,,9788,8,4,,0,70,,9787,8,4,,0,30,,9786,8,4,,0,70,,9785,8,4,,0,30,,9784,8,4,,0,70,,9783,8,4,,0,30,,9782,8,4,,0,70,,9781,8,4,,0,30,,9780,8,4,,0,70,,9779,8,4,,0,30,,9778,8,4,,0,70,,9777,8,4,,0,30,,9773,8,4,,0,70,,9772,8,4,,0,30,,9766,8,4,,0,70,,9776,8,4,,0,30,,9775,8,4,,0,20,,9774,8,4,,0,80,,9771,8,4,,0,100,,9770,8,4,,0,100,,9769,8,4,,0,100,,9768,8,4,,0,100,,9767,8,4,,0,99,,9797,8,4,,0
6100,'1201',812,,9809,8,4,,0,8,,9801,8,4,,0,10,,9802,8,4,,0,20,,9803,8,4,,0,307,,9810,8,4,,0,65,,9811,8,4,,0,304,,9805,8,4,,0,10,,9807,8,4,,0,10,,9804,8,4,,0,7,,9806,8,4,,0,67,,9799,8,4,,0,30,,9800,8,4,,0
6100,'13301',2535,,9812,8,4,,0,100,,9813,8,4,,0,100,,9814,8,4,,0
6100,'3',835,,9827,8,4,,0,100,,9826,8,4,,0,100,,9825,8,4,,0,100,,9824,8,4,,0,100,,9823,8,4,,0,100,,9822,8,4,,0,100,,9821,8,4,,0,100,,9820,8,4,,0,100,,9818,8,4,,0,100,,9815,8,4,,0,100,,9819,8,4,,0,100,,9817,8,4,,0,100,,9816,8,4,,0,99,,9828,8,4,,0
6101,'1',608,,9859,1,,,0,30,,9858,1,,,0,70,,9857,1,,,0,30,,9856,1,,,0,73,,9855,1,,,0,27,,9854,1,,,0,70,,9853,1,,,0,30,,9852,1,,,0,70,,9851,1,,,0,30,,9850,1,,,0,70,,9849,1,,,0,30,,9848,1,,,0,70,,9847,1,,,0,30,,9846,1,,,0,70,,9845,1,,,0,30,,9844,1,,,0,70,,9843,1,,,0,30,,9842,1,,,0,70,,9841,1,,,0,100,,9840,1,,,0,30,,9839,1,,,0,70,,9838,1,,,0,30,,9837,1,,,0,70,,9836,1,,,0,27,,9835,1,,,0,73,,9829,1,,,0,100,,9834,1,,,0,100,,9833,1,,,0,100,,9832,1,,,0,100,,9831,1,,,0,100,,9830,1,,,0
6101,'1201',726,,9870,1,,,0,10,,9871,1,,,0,12,,9863,1,,,0,10,,9864,1,,,0,50,,9867,1,,,0,10,,9865,1,,,0,10,,9866,1,,,0,4,,9869,1,,,0,18,,9868,1,,,0,273,,9872,1,,,0,34,,9873,1,,,0,381,,9862,1,,,0,15,,9861,1,,,0,70,,9860,1,,,0
6101,'12801',1538,,9874,1,,,0
6101,'13301',2508,,9875,1,,,0,100,,9876,1,,,0,100,,9877,1,,,0
6101,'3',813,,9891,1,,,0,95,,9890,1,,,0,100,,9889,1,,,0,100,,9888,1,,,0,100,,9887,1,,,0,100,,9886,1,,,0,100,,9885,1,,,0,100,,9884,1,,,0,100,,9883,1,,,0,100,,9882,1,,,0,100,,9881,1,,,0,100,,9878,1,,,0,100,,9880,1,,,0,100,,9879,1,,,0
6300,'1',605,,9923,23,4,,0,30,,9922,23,4,,0,70,,9921,23,4,,0,30,,9920,23,4,,0,74,,9919,23,4,,0,26,,9918,23,4,,0,70,,9917,23,4,,0,30,,9916,23,4,,0,70,,9915,23,4,,0,30,,9914,23,4,,0,70,,9913,23,4,,0,30,,9912,23,4,,0,70,,9911,23,4,,0,30,,9910,23,4,,0,70,,9909,23,4,,0,30,,9908,23,4,,0,70,,9907,23,4,,0,30,,9906,23,4,,0,70,,9905,23,4,,0,30,,9904,23,4,,0,70,,9903,23,4,,0,30,,9902,23,4,,0,70,,9901,23,4,,0,30,,9900,23,4,,0,70,,9899,23,4,,0,30,,9898,23,4,,0,70,,9897,23,4,,0,100,,9896,23,4,,0,100,,9895,23,4,,0,100,,9894,23,4,,0,100,,9893,23,4,,0,100,,9892,23,4,,0
6300,'1201',805,,9924,23,4,,0
6300,'13301',2605,,9925,23,4,,0,100,,9926,23,4,,0
6300,'3',905,,9939,23,4,,0,100,,9938,23,4,,0,100,,9937,23,4,,0,100,,9936,23,4,,0,100,,9935,23,4,,0,100,,9934,23,4,,0,100,,9933,23,4,,0,100,,9932,23,4,,0,100,,9931,23,4,,0,100,,9930,23,4,,0,100,,9929,23,4,,0,100,,9928,23,4,,0,100,,9927,23,4,,0
6301,'1',638,,9971,1,,,0,70,,9970,1,,,0,35,,9968,1,,,0,65,,9969,1,,,0,30,,9967,1,,,0,70,,9945,1,,,0,30,,9966,1,,,0,70,,9965,1,,,0,30,,9964,1,,,0,70,,9963,1,,,0,30,,9962,1,,,0,70,,9961,1,,,0,30,,9960,1,,,0,70,,9959,1,,,0,30,,9958,1,,,0,70,,9957,1,,,0,30,,9956,1,,,0,70,,9955,1,,,0,30,,9946,1,,,0,70,,9954,1,,,0,30,,9953,1,,,0,70,,9952,1,,,0,30,,9951,1,,,0,70,,9950,1,,,0,30,,9949,1,,,0,100,,9944,1,,,0,100,,9943,1,,,0,100,,9942,1,,,0,100,,9941,1,,,0,100,,9940,1,,,0,96,,9972,1,,,0
6301,'1201',1549,,9974,1,,,0
6301,'13301',2538,,9975,1,,,0,100,,9976,1,,,0
6301,'3',838,,9989,1,,,0,100,,9988,1,,,0,100,,9987,1,,,0,100,,9986,1,,,0,100,,9985,1,,,0,100,,9984,1,,,0,100,,9983,1,,,0,100,,9979,1,,,0,100,,9982,1,,,0,100,,9981,1,,,0,100,,9980,1,,,0,100,,9978,1,,,0,100,,9977,1,,,0,96,,9990,1,,,0
6400,'1',1900,,10016,11,4,,0,549,,10022,11,4,,0
6400,'3',2149,,10025,11,4,,0
6401,'1',711,,10038,1,,,0,30,,10039,1,,,0,70,,10040,1,,,0,30,,10041,1,,,0,70,,10042,1,,,0,30,,10043,1,,,0,70,,10044,1,,,0,30,,10045,1,,,0,70,,10046,1,,,0,30,,10047,1,,,0,70,,10048,1,,,0,30,,10049,1,,,0,70,,10050,1,,,0,30,,10051,1,,,0,70,,10052,1,,,0,30,,10053,1,,,0,70,,10054,1,,,0,30,,10055,1,,,0,70,,10056,1,,,0,30,,10057,1,,,0,70,,10058,1,,,0,30,,10059,1,,,0,70,,10060,1,,,0,29,,10061,1,,,0,93,,10062,1,,,0,100,,10063,1,,,0,100,,10064,1,,,0,100,,10065,1,,,0,100,,10066,1,,,0,100,,10067,1,,,0
6401,'3',933,,10073,1,,,0,100,,10074,1,,,0,100,,10075,1,,,0,100,,10076,1,,,0,100,,10077,1,,,0,100,,10078,1,,,0,100,,10079,1,,,0,100,,10080,1,,,0,100,,10081,1,,,0,100,,10082,1,,,0,100,,10070,1,,,0,100,,10071,1,,,0,100,,10072,1,,,0
6500,'1',1904,,10115,8,4,,0
6501,'1',556,,10137,1,,,0,70,,10136,1,,,0,24,,10167,14,,,0,70,,10166,14,,,0,30,,10165,14,,,0,70,,10164,14,,,0,30,,10163,14,,,0,70,,10162,14,,,0,30,,10161,14,,,0,70,,10160,14,,,0,30,,10159,14,,,0,70,,10158,14,,,0,30,,10157,14,,,0,70,,10156,14,,,0,30,,10155,14,,,0,70,,10154,14,,,0,30,,10153,14,,,0,70,,10152,14,,,0,30,,10151,14,,,0,70,,10150,14,,,0,30,,10149,14,,,0,70,,10148,14,,,0,30,,10147,14,,,0,70,,10146,14,,,0,30,,10145,14,,,0,70,,10144,14,,,0,30,,10143,14,,,0,55,,10135,14,,,0,100,,10142,14,,,0,100,,10141,14,,,0,100,,10140,14,,,0,100,,10139,14,,,0,101,,10138,14,,,0
6501,'13301',2505,,10168,14,,,0,100,,10169,14,,,0,100,,10170,14,,,0
6501,'3',905,,10176,14,,,0,100,,10175,14,,,0,100,,10174,14,,,0,100,,10177,14,,,0,100,,10178,14,,,0,100,,10179,14,,,0,100,,10180,14,,,0,100,,10181,14,,,0,100,,10182,14,,,0,100,,10183,14,,,0,100,,10171,14,,,0,100,,10173,14,,,0,100,,10172,14,,,0
31500,'1201',1520,,10526,13,4,,0,20,,10527,6,4,,0,10,,10525,15,4,,0
31501,'1201',818,,10528,1,,,0
122500,'13803',1047,,10603,5,0,27 12,0,100,,10604,5,0,27 12,0,100,,10605,5,0,27 12,0,100,,10606,5,0,27 12,0,100,,10607,5,0,27 12,0,100,,10608,5,0,27 12,0,100,,10609,5,0,27 12,0
