301,'1',622,,6561,12,,,0,30,,6560,12,,,0,70,,6559,12,,,0,30,,6558,12,,,0,70,,6557,12,,,0,30,,6556,12,,,0,70,,6555,12,,,0,30,,6554,12,,,0,70,,6553,12,,,0,30,,6552,12,,,0,70,,6551,12,,,0,30,,6550,12,,,0,70,,6549,12,,,0,30,,6548,12,,,0,70,,6547,12,,,0,30,,6546,12,,,0,70,,6545,12,,,0,30,,6544,12,,,0,70,,6543,12,,,0,30,,6542,12,,,0,70,,6541,12,,,0,30,,6540,12,,,0,70,,6539,12,,,0,30,,6538,12,,,0,70,,6537,12,,,0,27,,6536,12,,,0,74,,6535,12,,,0,100,,6534,12,,,0,100,,6533,12,,,0,100,,6532,12,,,0,100,,6531,12,,,0,100,,6530,12,,,0
301,'13301',2523,,6562,12,,,0,100,,6563,12,,,0,100,,6564,12,,,0
301,'3',923,,6577,12,,,0,100,,6576,12,,,0,100,,6575,12,,,0,100,,6574,12,,,0,100,,6573,12,,,0,100,,6572,12,,,0,100,,6571,12,,,0,100,,6570,12,,,0,100,,6569,12,,,0,100,,6568,12,,,0,100,,6567,12,,,0,100,,6566,12,,,0,100,,6565,12,,,0
6000,'1',636,,9686,15,,,0,70,,9685,15,,,0,30,,9684,15,,,0,70,,9683,15,,,0,30,,9682,15,,,0,70,,9681,15,,,0,30,,9680,15,,,0,70,,9679,15,,,0,30,,9678,15,,,0,70,,9677,15,,,0,30,,9676,15,,,0,70,,9675,15,,,0,30,,9674,15,,,0,70,,9673,15,,,0,30,,9672,15,,,0,70,,9671,15,,,0,30,,9670,15,,,0,70,,9669,15,,,0,30,,9668,15,,,0,70,,9667,15,,,0,7,,9688,8,,,0,23,,9666,15,,,0,7,,9689,8,,,0,63,,9665,15,,,0,7,,9690,8,,,0,23,,9664,15,,,0,70,,9663,15,,,0,30,,9662,15,,,0,70,,9687,15,,,0,99,,9661,15,,,0,100,,9660,15,,,0,100,,9659,15,,,0,100,,9658,15,,,0,100,,9657,15,,,0
6000,'13301',2504,,9691,15,,,0,100,,9692,15,,,0,100,,9693,15,,,0
6000,'3',905,,9706,15,,,0,100,,9705,15,,,0,100,,9704,15,,,0,100,,9703,15,,,0,100,,9702,15,,,0,100,,9701,15,,,0,100,,9700,15,,,0,100,,9699,15,,,0,100,,9698,15,,,0,100,,9697,15,,,0,100,,9707,15,,,0,100,,9696,15,,,0,100,,9695,15,,,0
6500,'1',621,,10113,15,,,0,30,,10114,15,,,0,70,,10112,15,,,0,30,,10111,15,,,0,70,,10110,15,,,0,30,,10109,15,,,0,70,,10108,15,,,0,30,,10107,15,,,0,70,,10106,15,,,0,30,,10105,15,,,0,70,,10104,15,,,0,30,,10103,15,,,0,70,,10102,15,,,0,30,,10101,15,,,0,70,,10100,15,,,0,30,,10099,15,,,0,70,,10098,15,,,0,30,,10097,15,,,0,70,,10096,15,,,0,30,,10095,15,,,0,70,,10094,15,,,0,30,,10093,15,,,0,70,,10092,15,,,0,30,,10091,15,,,0,70,,10090,15,,,0,30,,10089,15,,,0,85,,10088,15,,,0,100,,10087,15,,,0,100,,10083,15,,,0,100,,10085,15,,,0,100,,10084,15,,,0,95,,10086,15,,,0
6500,'1201',849,,10116,7,,,0,70,,10117,7,,,0
6500,'13301',2531,,10118,15,,,0,100,,10119,15,,,0,100,,10120,15,,,0
6500,'3',836,,10126,8,,,0,100,,10125,15,,,0,100,,10124,15,,,0,100,,10127,15,,,0,100,,10128,15,,,0,100,,10129,15,,,0,100,,10130,15,,,0,100,,10131,15,,,0,100,,10132,15,,,0,100,,10133,15,,,0,100,,10134,15,,,0,100,,10123,15,,,0,100,,10122,15,,,0,95,,10121,15,,,0
