701,'1',552,,7083,2,,,0,70,,7082,2,,,0,30,,7081,2,,,0,70,,7080,2,,,0,30,,7079,2,,,0,70,,7078,2,,,0,30,,7077,2,,,0,70,,7076,2,,,0,30,,7075,2,,,0,70,,7074,2,,,0,30,,7073,2,,,0,70,,7072,2,,,0,30,,7071,2,,,0,70,,7070,2,,,0,30,,7069,2,,,0,70,,7068,2,,,0,30,,7067,2,,,0,70,,7066,2,,,0,30,,7065,2,,,0,70,,7064,2,,,0,30,,7063,2,,,0,70,,7062,2,,,0,30,,7061,2,,,0,70,,7060,2,,,0,30,,7059,2,,,0,70,,7058,2,,,0,30,,7057,2,,,0,100,,7056,2,,,0,100,,7055,2,,,0,100,,7054,2,,,0,100,,7053,2,,,0,94,,7052,2,,,0
701,'13301',2452,,7084,2,,,0,100,,7085,2,,,0,100,,7086,2,,,0
701,'3',852,,7099,2,,,0,100,,7098,2,,,0,100,,7097,2,,,0,100,,7096,2,,,0,100,,7095,2,,,0,100,,7094,2,,,0,100,,7093,2,,,0,100,,7092,2,,,0,100,,7091,2,,,0,100,,7090,2,,,0,100,,7089,2,,,0,100,,7088,2,,,0,96,,7087,2,,,0
2201,'1',629,,8573,2,,,0,79,,8572,2,,,0,30,,8574,2,,,0,70,,8571,2,,,0,30,,8570,2,,,0
6001,'1',611,,9709,2,,,0,24,,9708,15,,,0,70,,9732,15,,,0,30,,9731,15,,,0,70,,9730,15,,,0,30,,9729,15,,,0,70,,9728,15,,,0,30,,9727,15,,,0,70,,9726,15,,,0,30,,9725,15,,,0,70,,9724,15,,,0,30,,9723,15,,,0,70,,9722,15,,,0,30,,9721,15,,,0,70,,9720,15,,,0,30,,9719,15,,,0,70,,9718,15,,,0,30,,9717,15,,,0,70,,9716,15,,,0,30,,9715,15,,,0,70,,9714,15,,,0,30,,9713,15,,,0,70,,9712,15,,,0,30,,9738,15,,,0,70,,9739,15,,,0,30,,9711,15,,,0,100,,9710,15,,,0,100,,9733,15,,,0,100,,9734,15,,,0,100,,9735,15,,,0,100,,9736,15,,,0,100,,9737,15,,,0
6001,'13301',2534,,9749,15,,,0,100,,9750,15,,,0,100,,9751,15,,,0
6001,'3',836,,9752,2,,,0,99,,9762,15,,,0,100,,9761,15,,,0,100,,9760,15,,,0,100,,9759,15,,,0,100,,9758,15,,,0,100,,9757,15,,,0,100,,9756,15,,,0,100,,9755,15,,,0,100,,9765,15,,,0,100,,9754,15,,,0,100,,9753,15,,,0,100,,9763,15,,,0,100,,9764,15,,,0
6301,'1',638,,9971,2,,,0,70,,9970,2,,,0,35,,9968,2,,,0,65,,9969,2,,,0,30,,9967,2,,,0,70,,9945,2,,,0,30,,9966,2,,,0,70,,9965,2,,,0,30,,9964,2,,,0,70,,9963,2,,,0,30,,9962,2,,,0,70,,9961,2,,,0,30,,9960,2,,,0,70,,9959,2,,,0,30,,9958,2,,,0,70,,9957,2,,,0,30,,9956,2,,,0,70,,9955,2,,,0,30,,9946,2,,,0,70,,9954,2,,,0,30,,9953,2,,,0,70,,9952,2,,,0,30,,9951,2,,,0,70,,9950,2,,,0,30,,9949,2,,,0,100,,9944,2,,,0,100,,9943,2,,,0,100,,9942,2,,,0,100,,9941,2,,,0,100,,9940,2,,,0,96,,9972,2,,,0
6301,'1201',1549,,9974,2,,,0
6301,'13301',2538,,9975,2,,,0,100,,9976,2,,,0
6301,'3',838,,9989,2,,,0,100,,9988,2,,,0,100,,9987,2,,,0,100,,9986,2,,,0,100,,9985,2,,,0,100,,9984,2,,,0,100,,9983,2,,,0,100,,9979,2,,,0,100,,9982,2,,,0,100,,9981,2,,,0,100,,9980,2,,,0,100,,9978,2,,,0,100,,9977,2,,,0,96,,9990,2,,,0
