401,'1',553,,6578,1,,,0,47,,6579,1,,,0,8,,6580,1,,,0,7,,6581,1,,,0,8,,6582,1,,,0,7,,6583,1,,,0,8,,6584,1,,,0,7,,6585,1,,,0,8,,6586,1,,,0,47,,6587,1,,,0,8,,6618,1,,,0,7,,6588,1,,,0,8,,6589,1,,,0,7,,6615,1,,,0,8,,6590,1,,,0,7,,6591,1,,,0,8,,6592,1,,,0,47,,6593,1,,,0,8,,6619,1,,,0,7,,6594,1,,,0,8,,6595,1,,,0,7,,6596,1,,,0,8,,6597,1,,,0,7,,6598,1,,,0,8,,6617,1,,,0,47,,6616,1,,,0,8,,6599,1,,,0,7,,6600,1,,,0,8,,6602,1,,,0,7,,6603,1,,,0,8,,6604,1,,,0,7,,6601,1,,,0,8,,6605,1,,,0,47,,6606,1,,,0,8,,6609,1,,,0,7,,6608,1,,,0,8,,6607,1,,,0,7,,6620,1,,,0,8,,6610,1,,,0,7,,6611,1,,,0,8,,6612,1,,,0,47,,6613,1,,,0,8,,6614,1,,,0,7,,6621,1,,,0,8,,6622,1,,,0,7,,6623,1,,,0,8,,6624,1,,,0,7,,6625,1,,,0,8,,6626,1,,,0,47,,6627,1,,,0,8,,6633,1,,,0,7,,6628,1,,,0,8,,6629,1,,,0,7,,6630,1,,,0,8,,6631,1,,,0,7,,6632,1,,,0,8,,6634,1,,,0,47,,6635,1,,,0,8,,6636,1,,,0,7,,6637,1,,,0,8,,6638,1,,,0,7,,6639,1,,,0,8,,6640,1,,,0,7,,6641,1,,,0,8,,6642,1,,,0,47,,6643,1,,,0,8,,6644,1,,,0,7,,6645,1,,,0,8,,6646,1,,,0,7,,6647,1,,,0,8,,6648,1,,,0,7,,6649,1,,,0,8,,6650,1,,,0,47,,6651,1,,,0,8,,6652,1,,,0,7,,6653,1,,,0,8,,6654,1,,,0,7,,6655,1,,,0,8,,6656,1,,,0,7,,6657,1,,,0,8,,6658,1,,,0,47,,6659,1,,,0,8,,6660,1,,,0,7,,6661,1,,,0,8,,6662,1,,,0,7,,6663,1,,,0,8,,6664,1,,,0,7,,6665,1,,,0,8,,6666,1,,,0,47,,6667,1,,,0,8,,6668,1,,,0,7,,6669,1,,,0,8,,6670,1,,,0,7,,6671,1,,,0,8,,6672,1,,,0,7,,6673,1,,,0,8,,6674,1,,,0,47,,6675,1,,,0,8,,6676,1,,,0,7,,6677,1,,,0,8,,6678,1,,,0,7,,6679,1,,,0,15,,6690,1,,,0,8,,6689,1,,,0,47,,6696,1,,,0,22,,6680,1,,,0,23,,6691,1,,,0,57,,6697,1,,,0,20,,6681,1,,,0,23,,6692,1,,,0,57,,6682,1,,,0,20,,6683,1,,,0,23,,6693,1,,,0,57,,6684,1,,,0,20,,6685,1,,,0,23,,6694,1,,,0,57,,6686,1,,,0,20,,6687,1,,,0,23,,6695,1,,,0,57,,6688,1,,,0
401,'13301',2422,,6698,1,,,0,23,,6705,1,,,0,57,,6702,1,,,0,20,,6699,1,,,0,23,,6706,1,,,0,57,,6703,1,,,0,20,,6700,1,,,0,23,,6707,1,,,0,57,,6704,1,,,0,20,,6701,1,,,0
401,'3',852,,6708,1,,,0,60,,6735,1,,,0,20,,6709,1,,,0,20,,6710,1,,,0,60,,6736,1,,,0,20,,6711,1,,,0,20,,6712,1,,,0,60,,6737,1,,,0,20,,6718,1,,,0,20,,6719,1,,,0,60,,6738,1,,,0,20,,6720,1,,,0,20,,6721,1,,,0,60,,6739,1,,,0,20,,6722,1,,,0,20,,6723,1,,,0,60,,6740,1,,,0,20,,6724,1,,,0,20,,6725,1,,,0,60,,6741,1,,,0,20,,6726,1,,,0,20,,6727,1,,,0,60,,6742,1,,,0,20,,6728,1,,,0,20,,6729,1,,,0,60,,6743,1,,,0,20,,6730,1,,,0,20,,6731,1,,,0,60,,6744,1,,,0,20,,6732,1,,,0,20,,6733,1,,,0,60,,6745,1,,,0,20,,6713,1,,,0,20,,6714,1,,,0,60,,6746,1,,,0,20,,6715,1,,,0,20,,6716,1,,,0,60,,6747,1,,,0,20,,6717,1,,,0,18,,6734,1,0,7,0
2901,'1',645,,8846,10,,,0,80,,8847,10,,,0,80,,8848,10,,,0,40,,8849,10,,,0,80,,8850,10,,,0,80,,8851,10,,,0,40,,8852,10,,,0,80,,8853,10,,,0,80,,8854,10,,,0,40,,8855,10,,,0,80,,8856,10,,,0,80,,8863,10,,,0,40,,8857,10,,,0,80,,8858,10,,,0,80,,8859,10,,,0,40,,8860,10,,,0,80,,8861,10,,,0,80,,8862,10,,,0
4301,'1',552,,9168,7,4,,0,70,,9169,7,4,,0,30,,9170,7,4,,0,70,,9171,7,4,,0,30,,9172,7,4,,0,70,,9173,7,4,,0,30,,9174,7,4,,0,70,,9175,7,4,,0,30,,9176,7,4,,0,70,,9177,7,4,,0,30,,9178,7,4,,0,70,,9179,7,4,,0,30,,9180,7,4,,0,70,,9181,7,4,,0,30,,9182,7,4,,0,70,,9183,7,4,,0,30,,9184,7,4,,0,70,,9185,7,4,,0,30,,9186,7,4,,0,70,,9187,7,4,,0,30,,9188,7,4,,0,70,,9189,7,4,,0,30,,9190,7,4,,0,70,,9191,7,4,,0,30,,9192,7,4,,0,70,,9193,7,4,,0,29,,9194,7,4,,0,61,,9195,7,4,,0,30,,9196,7,4,,0,100,,9197,7,4,,0,100,,9198,7,4,,0,100,,9199,7,4,,0,100,,9200,7,4,,0,100,,9201,7,4,,0
4301,'13301',2542,,9202,7,4,,0,100,,9203,7,4,,0,100,,9204,7,4,,0
4301,'3',912,,9205,7,4,,0,100,,9206,7,4,,0,100,,9207,7,4,,0,100,,9208,7,4,,0,100,,9209,7,4,,0,100,,9210,7,4,,0,100,,9211,7,4,,0,100,,9212,7,4,,0,100,,9213,7,4,,0,100,,9214,7,4,,0,100,,9215,7,4,,0,100,,9216,7,4,,0,100,,9217,7,4,,0,100,,9218,7,4,,0
4401,'1',559,,9268,6,4,,0,70,,9269,6,4,,0,30,,9270,6,4,,0,70,,9271,6,4,,0,30,,9272,6,4,,0,70,,9273,6,4,,0,30,,9274,6,4,,0,70,,9275,6,4,,0,30,,9276,6,4,,0,70,,9277,6,4,,0,30,,9278,6,4,,0,70,,9279,6,4,,0,30,,9280,6,4,,0,70,,9281,6,4,,0,30,,9299,6,4,,0,70,,9282,6,4,,0,30,,9283,6,4,,0,70,,9284,6,4,,0,30,,9285,6,4,,0,70,,9286,6,4,,0,30,,9287,6,4,,0,70,,9288,6,4,,0,30,,9289,6,4,,0,70,,9290,6,4,,0,30,,9291,6,4,,0,70,,9292,6,4,,0,92,,9293,6,4,,0,100,,9294,6,4,,0,100,,9295,6,4,,0,100,,9296,6,4,,0,100,,9297,6,4,,0,101,,9298,6,4,,0
4401,'13301',2522,,9300,6,4,,0,100,,9301,6,4,,0,100,,9302,6,4,,0
4401,'3',851,,9316,6,4,,0,100,,9315,6,4,,0,100,,9314,6,4,,0,100,,9310,6,4,,0,100,,9309,6,4,,0,100,,9308,6,4,,0,100,,9307,6,4,,0,100,,9306,6,4,,0,100,,9305,6,4,,0,100,,9304,6,4,,0,100,,9303,6,4,,0,100,,9313,6,4,,0,100,,9312,6,4,,0,95,,9311,6,4,,0
4501,'1',607,,9364,11,4,,0,30,,9365,11,4,,0,70,,9366,11,4,,0,30,,9367,11,4,,0,70,,9368,11,4,,0,30,,9369,11,4,,0,70,,9370,11,4,,0,30,,9371,11,4,,0,70,,9372,11,4,,0,30,,9373,11,4,,0,70,,9374,11,4,,0,30,,9375,11,4,,0,70,,9376,11,4,,0,30,,9377,11,4,,0,70,,9378,11,4,,0,30,,9379,11,4,,0,70,,9380,11,4,,0,30,,9381,11,4,,0,70,,9382,11,4,,0,30,,9383,11,4,,0,70,,9384,11,4,,0,30,,9385,11,4,,0,70,,9386,11,4,,0,30,,9387,11,4,,0,70,,9388,11,4,,0,52,,9389,11,4,,0,142,,9390,11,4,,0,100,,9391,11,4,,0,100,,9392,11,4,,0,100,,9393,11,4,,0,100,,9394,11,4,,0
4501,'13301',2501,,9395,11,4,,0,100,,9396,11,4,,0,100,,9397,11,4,,0
4501,'3',931,,9409,11,4,,0,100,,9408,11,4,,0,100,,9399,11,4,,0,100,,9407,11,4,,0,100,,9406,11,4,,0,100,,9405,11,4,,0,100,,9404,11,4,,0,100,,9403,11,4,,0,100,,9402,11,4,,0,100,,9401,11,4,,0,100,,9400,11,4,,0,100,,9410,11,4,,0,99,,9398,11,4,,0
4601,'1',614,,9462,11,4,,0,30,,9437,11,4,,0,70,,9438,11,4,,0,30,,9439,11,4,,0,70,,9440,11,4,,0,30,,9441,11,4,,0,70,,9442,11,4,,0,30,,9443,11,4,,0,70,,9444,11,4,,0,30,,9445,11,4,,0,70,,9446,11,4,,0,30,,9447,11,4,,0,70,,9448,11,4,,0,30,,9449,11,4,,0,70,,9450,11,4,,0,30,,9451,11,4,,0,70,,9452,11,4,,0,30,,9453,11,4,,0,70,,9454,11,4,,0,30,,9455,11,4,,0,70,,9456,11,4,,0,30,,9457,11,4,,0,70,,9458,11,4,,0,30,,9459,11,4,,0,70,,9460,11,4,,0,30,,9461,11,4,,0
54300,'14001',709,,10592,1,0,21 25,0,30,,10594,1,0,21 25,0,70,,10595,1,0,21 25,0,30,,10596,1,0,21 25,0,70,,10593,1,,,0
