301,'1',626,,6561,15,,,0,30,,6560,15,,,0,70,,6559,15,,,0,30,,6558,15,,,0,70,,6557,15,,,0,30,,6556,15,,,0,70,,6555,15,,,0,30,,6554,15,,,0,70,,6553,15,,,0,30,,6552,15,,,0,70,,6551,15,,,0,30,,6550,15,,,0,70,,6549,15,,,0,30,,6548,15,,,0,70,,6547,15,,,0,30,,6546,15,,,0,70,,6545,15,,,0,30,,6544,15,,,0,70,,6543,15,,,0,30,,6542,15,,,0,70,,6541,15,,,0,30,,6540,15,,,0,70,,6539,15,,,0,30,,6538,15,,,0,70,,6537,15,,,0,26,,6536,15,,,0,74,,6535,15,,,0,100,,6534,15,,,0,100,,6533,15,,,0,100,,6532,15,,,0,100,,6531,15,,,0,100,,6530,15,,,0
301,'13301',2526,,6562,15,,,0,100,,6563,15,,,0,100,,6564,15,,,0
301,'3',926,,6577,15,,,0,100,,6576,15,,,0,100,,6575,15,,,0,100,,6574,15,,,0,100,,6573,15,,,0,100,,6572,15,,,0,100,,6571,15,,,0,100,,6570,15,,,0,100,,6569,15,,,0,100,,6568,15,,,0,100,,6567,15,,,0,100,,6566,15,,,0,100,,6565,15,,,0
6000,'1',639,,9686,17,,,0,70,,9685,17,,,0,30,,9684,17,,,0,70,,9683,17,,,0,30,,9682,17,,,0,70,,9681,17,,,0,30,,9680,17,,,0,70,,9679,17,,,0,30,,9678,17,,,0,70,,9677,17,,,0,30,,9676,17,,,0,70,,9675,17,,,0,30,,9674,17,,,0,70,,9673,17,,,0,30,,9672,17,,,0,70,,9671,17,,,0,30,,9670,17,,,0,70,,9669,17,,,0,30,,9668,17,,,0,70,,9667,17,,,0,30,,9666,17,,,0,70,,9665,17,,,0,30,,9664,17,,,0,70,,9663,17,,,0,30,,9662,17,,,0,70,,9687,17,,,0,100,,9661,17,,,0,100,,9660,17,,,0,100,,9659,17,,,0,100,,9658,17,,,0,100,,9657,17,,,0
6000,'13301',2508,,9691,17,,,0,100,,9692,17,,,0,100,,9693,17,,,0
6000,'3',909,,9706,17,,,0,100,,9705,17,,,0,100,,9704,17,,,0,100,,9703,17,,,0,100,,9702,17,,,0,100,,9701,17,,,0,100,,9700,17,,,0,100,,9699,17,,,0,100,,9698,17,,,0,100,,9697,17,,,0,100,,9707,17,,,0,100,,9696,17,,,0,100,,9695,17,,,0
6500,'1',624,,10113,17,,,0,30,,10114,17,,,0,70,,10112,17,,,0,30,,10111,17,,,0,70,,10110,17,,,0,30,,10109,17,,,0,70,,10108,17,,,0,30,,10107,17,,,0,70,,10106,17,,,0,30,,10105,17,,,0,70,,10104,17,,,0,30,,10103,17,,,0,70,,10102,17,,,0,30,,10101,17,,,0,70,,10100,17,,,0,30,,10099,17,,,0,70,,10098,17,,,0,30,,10097,17,,,0,70,,10096,17,,,0,30,,10095,17,,,0,70,,10094,17,,,0,30,,10093,17,,,0,70,,10092,17,,,0,30,,10091,17,,,0,70,,10090,17,,,0,30,,10089,17,,,0,85,,10088,17,,,0,100,,10087,17,,,0,100,,10083,17,,,0,100,,10085,17,,,0,100,,10084,17,,,0,95,,10086,17,,,0
6500,'1201',852,,10116,9,,,0,70,,10117,9,,,0
6500,'13301',2534,,10118,17,,,0,100,,10119,17,,,0,100,,10120,17,,,0
6500,'3',839,,10126,10,,,0,100,,10125,17,,,0,100,,10124,17,,,0,100,,10127,17,,,0,100,,10128,17,,,0,100,,10129,17,,,0,100,,10130,17,,,0,100,,10131,17,,,0,100,,10132,17,,,0,100,,10133,17,,,0,100,,10134,17,,,0,100,,10123,17,,,0,100,,10122,17,,,0,95,,10121,17,,,0
