100,'1',612,,6213,22,,,0,30,,6214,22,,,0,67,,6215,22,,,0,30,,6216,22,,,0,70,,6217,22,,,0,30,,6218,22,,,0,70,,6219,22,,,0,30,,6220,22,,,0,71,,6221,22,,,0,30,,6222,22,,,0,70,,6223,22,,,0,30,,6224,22,,,0,70,,6225,22,,,0,30,,6226,22,,,0,70,,6227,22,,,0,30,,6228,22,,,0,70,,6229,22,,,0,30,,6230,22,,,0,70,,6231,22,,,0,31,,6232,22,,,0,70,,6233,22,,,0,15,,6234,22,,,0,15,,6235,22,,,0,70,,6236,22,,,0,30,,6237,22,,,0,70,,6238,22,,,0,30,,6239,22,,,0,68,,6240,22,,,0,100,,6241,22,,,0,100,,6242,22,,,0,100,,6243,22,,,0,100,,6244,22,,,0,100,,6245,22,,,0
100,'13301',2509,,6246,22,,,0,100,,6247,22,,,0,100,,6248,22,,,0
100,'3',910,,6249,22,,,0,100,,6250,22,,,0,100,,6251,22,,,0,100,,6252,22,,,0,100,,6253,22,,,0,100,,6254,22,,,0,100,,6255,22,,,0,100,,6256,22,,,0,100,,6257,22,,,0,100,,6258,22,,,0,100,,6259,22,,,0,100,,6260,22,,,0,100,,6261,22,,,0
201,'1',625,,6397,25,,,0,20,,6398,25,,,0,60,,6399,25,,,0,20,,6400,25,,,0,20,,6401,25,,,0,60,,6402,25,,,0,20,,6403,25,,,0,20,,6404,25,,,0,60,,6405,25,,,0,20,,6406,25,,,0,20,,6407,25,,,0,60,,6408,25,,,0,20,,6409,25,,,0,20,,6410,25,,,0,60,,6411,25,,,0,20,,6412,25,,,0,20,,6413,25,,,0,60,,6414,25,,,0,20,,6415,25,,,0,20,,6416,25,,,0,60,,6417,25,,,0,20,,6418,25,,,0,20,,6419,25,,,0,60,,6420,25,,,0,20,,6421,25,,,0,20,,6422,25,,,0,60,,6423,25,,,0,20,,6424,25,,,0,20,,6434,25,,,0,60,,6425,25,,,0,20,,6426,25,,,0,15,,6427,25,,,0,15,,6428,25,,,0,55,,6429,25,,,0,15,,6430,25,,,0,15,,6431,25,,,0,15,,6432,25,,,0,55,,6433,25,,,0,15,,6435,25,,,0,14,,6448,25,,,0,15,,6436,25,,,0,55,,6437,25,,,0,30,,6438,25,,,0,70,,6439,25,,,0,30,,6440,25,,,0,70,,6441,25,,,0,30,,6442,25,,,0,70,,6443,25,,,0,30,,6444,25,,,0,70,,6445,25,,,0,30,,6446,25,,,0,70,,6447,25,,,0
201,'13301',2453,,6449,25,,,0,70,,6450,25,,,0,30,,6451,25,,,0,70,,6452,25,,,0,30,,6453,25,,,0,70,,6454,25,,,0,30,,6455,25,,,0
201,'3',911,,6481,25,,,0,30,,6457,25,,,0,70,,6480,25,,,0,30,,6456,25,,,0,70,,6479,25,,,0,30,,6478,25,,,0,70,,6477,25,,,0,30,,6476,25,,,0,70,,6475,25,,,0,30,,6474,25,,,0,70,,6473,25,,,0,30,,6472,25,,,0,70,,6471,25,,,0,30,,6470,25,,,0,70,,6469,25,,,0,30,,6468,25,,,0,70,,6467,25,,,0,30,,6466,25,,,0,70,,6465,25,,,0,30,,6464,25,,,0,70,,6463,25,,,0,30,,6460,25,,,0,70,,6462,25,,,0,30,,6459,25,,,0,70,,6461,25,,,0,25,,6458,25,,,0
801,'1',618,,7322,16,,,0,10,,7323,16,,,0,10,,7324,16,,,0,10,,7325,16,,,0,10,,7234,16,,,0,50,,7237,16,,,0,11,,7240,16,,,0,10,,7243,16,,,0,10,,7245,16,,,0,10,,7235,16,,,0,10,,7238,16,,,0,50,,7241,16,,,0,10,,7244,16,,,0,10,,7246,16,,,0,10,,7236,16,,,0,10,,7239,16,,,0,10,,7242,16,,,0,50,,7298,16,,,0,10,,7299,16,,,0,10,,7300,16,,,0,10,,7301,16,,,0,10,,7247,16,,,0,10,,7254,16,,,0,50,,7261,16,,,0,10,,7268,16,,,0,10,,7274,16,,,0,10,,7248,16,,,0,10,,7255,16,,,0,10,,7262,16,,,0,50,,7269,16,,,0,10,,7275,16,,,0,10,,7249,16,,,0,10,,7256,16,,,0,10,,7263,16,,,0,10,,7270,16,,,0,50,,7276,16,,,0,10,,7250,16,,,0,10,,7257,16,,,0,10,,7264,16,,,0,10,,7271,16,,,0,10,,7277,16,,,0,50,,7251,16,,,0,10,,7258,16,,,0,10,,7265,16,,,0,10,,7272,16,,,0,10,,7278,16,,,0,10,,7252,16,,,0,50,,7259,16,,,0,10,,7266,16,,,0,10,,7273,16,,,0,10,,7279,16,,,0,10,,7253,16,,,0,10,,7260,16,,,0,50,,7267,16,,,0,10,,7302,16,,,0,10,,7303,16,,,0,10,,7304,16,,,0,11,,7280,16,,,0,50,,7284,16,,,0,10,,7288,16,,,0,10,,7292,16,,,0,10,,7295,16,,,0,10,,7281,16,,,0,10,,7285,16,,,0,50,,7289,16,,,0,10,,7293,16,,,0,10,,7296,16,,,0,10,,7282,16,,,0,10,,7286,16,,,0,10,,7290,16,,,0,50,,7294,16,,,0,10,,7297,16,,,0,10,,7283,16,,,0,10,,7287,16,,,0,10,,7291,16,,,0,8,,7305,16,,,0,58,,7307,16,,,0,20,,7306,16,,,0,22,,7308,16,,,0,62,,7309,16,,,0,22,,7310,16,,,0,22,,7311,16,,,0,61,,7312,16,,,0,22,,7313,16,,,0,22,,7314,16,,,0,62,,7315,16,,,0,22,,7316,16,,,0,62,,7317,16,,,0,22,,7318,16,,,0,22,,7319,16,,,0,62,,7320,16,,,0,22,,7321,16,,,0
801,'13301',2455,,7326,16,,,0,62,,7327,16,,,0,22,,7328,16,,,0,62,,7329,16,,,0,22,,7330,16,,,0,22,,7331,16,,,0,62,,7332,16,,,0,22,,7333,16,,,0
801,'3',842,,7334,16,,,0,62,,7335,16,,,0,22,,7336,16,,,0,22,,7337,16,,,0,62,,7338,16,,,0,22,,7339,16,,,0,22,,7340,16,,,0,62,,7341,16,,,0,22,,7342,16,,,0,62,,7343,16,,,0,22,,7344,16,,,0,22,,7345,16,,,0,62,,7346,16,,,0,22,,7347,16,,,0,22,,7348,16,,,0,62,,7349,16,,,0,22,,7350,16,,,0,22,,7351,16,,,0,62,,7352,16,,,0,22,,7353,16,,,0,62,,7354,16,,,0,22,,7355,16,,,0,22,,7356,16,,,0,62,,7357,16,,,0,22,,7358,16,,,0,22,,7359,16,,,0,62,,7360,16,,,0,22,,7361,16,,,0,22,,7362,16,,,0,62,,7363,16,,,0,22,,7364,16,,,0,62,,7365,16,,,0,22,,7366,16,,,0,22,,7367,16,,,0,62,,7368,16,,,0,22,,7369,16,,,0
901,'1',626,,7425,17,,,0,15,,7426,36,,,0,70,,7427,36,,,0,30,,7428,36,,,0,70,,7429,36,,,0,30,,7430,37,,,0,70,,7431,37,,,0,30,,7432,36,,,0,70,,7439,37,,,0,30,,7433,36,,,0,70,,7440,37,,,0,30,,7434,36,,,0,70,,7441,37,,,0,30,,7435,36,,,0,70,,7442,37,,,0,30,,7436,36,,,0,70,,7443,37,,,0,30,,7437,36,,,0,70,,7444,37,,,0,30,,7438,36,,,0,70,,7445,37,,,0,30,,7448,36,,,0,70,,7446,36,,,0,30,,7449,36,,,0,70,,7447,36,,,0,30,,7450,36,,,0,70,,7451,37,,,0,30,,7419,37,,,0,100,,7420,37,,,0,100,,7421,37,,,0,100,,7422,37,,,0,100,,7423,37,,,0
901,'13301',2541,,7452,37,,,0,100,,7453,37,,,0,100,,7454,37,,,0
901,'3',841,,7455,17,,,0,100,,7465,37,,,0,100,,7464,37,,,0,100,,7463,37,,,0,100,,7462,37,,,0,100,,7461,37,,,0,100,,7460,37,,,0,100,,7459,37,,,0,100,,7468,37,,,0,100,,7467,37,,,0,100,,7466,37,,,0,100,,7458,37,,,0,100,,7457,37,,,0
32501,'1201',1527,,10529,4,,,0
