1001,'1',608,,7579,4,,,0,22,,7578,4,,,0,24,,7536,4,,,0,62,,7537,4,,,0,22,,7538,4,,,0,62,,7539,4,,,0,22,,7540,4,,,0,22,,7541,4,,,0,61,,7542,4,,,0,22,,7543,4,,,0,22,,7544,4,,,0,62,,7545,4,,,0,22,,7546,4,,,0,22,,7547,4,,,0,62,,7548,4,,,0,22,,7549,4,,,0,62,,7550,4,,,0,22,,7551,4,,,0,22,,7552,4,,,0,62,,7553,4,,,0,22,,7554,4,,,0,22,,7555,4,,,0,62,,7556,4,,,0,22,,7557,4,,,0,22,,7558,4,,,0,63,,7559,4,,,0,22,,7560,4,,,0,62,,7561,4,,,0,22,,7562,4,,,0,22,,7563,4,,,0,62,,7564,4,,,0,22,,7565,4,,,0,22,,7566,4,,,0,62,,7567,4,,,0,21,,7568,4,,,0,20,,7569,4,,,0,80,,7570,4,,,0,80,,7571,4,,,0,40,,7572,4,,,0,80,,7573,4,,,0,80,,7574,4,,,0,40,,7575,4,,,0,80,,7576,4,,,0,80,,7577,4,,,0
1001,'13301',2457,,7580,4,,,0,80,,7581,4,,,0,80,,7582,4,,,0,40,,7583,4,,,0
1001,'3',844,,7584,4,,,0,80,,7585,4,,,0,80,,7586,4,,,0,40,,7587,4,,,0,80,,7588,4,,,0,80,,7589,4,,,0,40,,7590,4,,,0,80,,7591,4,,,0,80,,7592,4,,,0,40,,7593,4,,,0,80,,7594,4,,,0,80,,7595,4,,,0,40,,7596,4,,,0,80,,7597,4,,,0,80,,7598,4,,,0,40,,7599,4,,,0,80,,7600,4,,,0,80,,7601,4,,,0,40,,7602,4,,,0,80,,7603,4,,,0
1900,'1',547,,8466,4,,,0,70,,8467,4,,,0,30,,8468,4,,,0,70,,8469,4,,,0,30,,8470,4,,,0,70,,8497,4,,,0,30,,8471,4,,,0,70,,8472,4,,,0,30,,8473,4,,,0,70,,8474,4,,,0,30,,8475,4,,,0,70,,8476,4,,,0,30,,8477,4,,,0,70,,8478,4,,,0,30,,8479,4,,,0,70,,8480,4,,,0,30,,8481,4,,,0,70,,8482,4,,,0,30,,8483,4,,,0,70,,8484,4,,,0,30,,8485,4,,,0,70,,8486,4,,,0,30,,8487,4,,,0,70,,8488,4,,,0,30,,8489,4,,,0,70,,8490,4,,,0,30,,8491,4,,,0,100,,8492,4,,,0,100,,8493,4,,,0,100,,8494,4,,,0,100,,8495,4,,,0,100,,8496,4,,,0
1900,'13301',2448,,8498,4,,,0,100,,8499,4,,,0,100,,8500,4,,,0
1900,'3',847,,8514,4,,,0,100,,8513,4,,,0,100,,8512,4,,,0,100,,8511,4,,,0,100,,8510,4,,,0,100,,8509,4,,,0,100,,8508,4,,,0,100,,8507,4,,,0,100,,8506,4,,,0,100,,8505,4,,,0,100,,8504,4,,,0,100,,8503,4,,,0,100,,8502,4,,,0
8301,'1',702,,10211,4,,,0,28,,10212,4,,,0,28,,10213,4,,,0,68,,10214,4,,,0,28,,10215,4,,,0,68,,10216,4,,,0,28,,10217,4,,,0,68,,10218,4,,,0,28,,10219,4,,,0,68,,10220,4,,,0,28,,10221,4,,,0,68,,10222,4,,,0,28,,10223,4,,,0,68,,10224,4,,,0,28,,10225,4,,,0,68,,10226,4,,,0,28,,10227,4,,,0,28,,10228,4,,,0,68,,10229,4,,,0,28,,10230,4,,,0,68,,10231,4,,,0,28,,10232,4,,,0,68,,10233,4,,,0,28,,10234,4,,,0,68,,10235,4,,,0,28,,10236,4,,,0,68,,10237,4,,,0
8301,'1201',1544,,10238,4,,,0
8301,'12801',1544,,10239,4,,,0
33600,'1201',837,,10563,4,,,0
33900,'1201',816,,10565,14,,,0
34000,'1201',815,,10567,19,,,0
