100,'1',600,,6213,8,,,0,30,,6214,8,,,0,27,,6215,8,,,0,70,,6216,8,,,0,30,,6217,8,,,0,70,,6218,8,,,0,30,,6219,8,,,0,70,,6220,8,,,0,31,,6221,8,,,0,70,,6222,8,,,0,30,,6223,8,,,0,70,,6224,8,,,0,30,,6225,8,,,0,70,,6226,8,,,0,30,,6227,8,,,0,70,,6228,8,,,0,30,,6229,8,,,0,70,,6230,8,,,0,30,,6231,8,,,0,71,,6232,8,,,0,30,,6233,8,,,0,55,,6234,8,,,0,15,,6235,8,,,0,30,,6236,8,,,0,70,,6237,8,,,0,30,,6238,8,,,0,70,,6239,8,,,0,28,,6240,8,,,0,100,,6241,8,,,0,100,,6242,8,,,0,100,,6243,8,,,0,100,,6244,8,,,0,100,,6245,8,,,0
100,'13301',2457,,6246,8,,,0,100,,6247,8,,,0,100,,6248,8,,,0
100,'2',658,,10632,8,,,0,100,,10633,8,,,0,100,,10634,8,,,0,100,,10635,8,,,0,100,,10636,8,,,0,70,,10637,8,,,0,30,,10638,8,,,0,70,,10639,8,,,0,30,,10640,8,,,0,70,,10641,8,,,0,30,,10642,8,,,0,70,,10643,8,,,0,30,,10644,8,,,0,70,,10645,8,,,0,30,,10646,8,,,0,70,,10647,8,,,0,30,,10648,8,,,0,70,,10649,8,,,0,30,,10650,8,,,0,70,,10651,8,,,0,30,,10652,8,,,0,70,,10653,8,,,0,30,,10658,8,,,0,100,,10654,8,,,0,100,,10655,8,,,0,100,,10656,8,,,0,100,,10657,8,,,0
100,'3',858,,6249,8,,,0,100,,6250,8,,,0,100,,6251,8,,,0,100,,6252,8,,,0,100,,6253,8,,,0,100,,6254,8,,,0,100,,6255,8,,,0,100,,6256,8,,,0,100,,6257,8,,,0,100,,6258,8,,,0,100,,6259,8,,,0,100,,6260,8,,,0,100,,6261,8,,,0
1900,'1',602,,8466,25,,,0,30,,8467,25,,,0,70,,8468,25,,,0,30,,8469,25,,,0,70,,8470,25,,,0,30,,8497,25,,,0,70,,8471,25,,,0,30,,8472,25,,,0,70,,8473,25,,,0,30,,8474,25,,,0,70,,8475,25,,,0,30,,8476,25,,,0,70,,8477,25,,,0,30,,8478,25,,,0,70,,8479,25,,,0,30,,8480,25,,,0,70,,8481,25,,,0,30,,8482,25,,,0,70,,8483,25,,,0,30,,8484,25,,,0,70,,8485,25,,,0,30,,8486,25,,,0,70,,8487,25,,,0,30,,8488,25,,,0,70,,8489,25,,,0,30,,8490,25,,,0,70,,8491,25,,,0,100,,8492,25,,,0,100,,8493,25,,,0,100,,8494,25,,,0,100,,8495,25,,,0,100,,8496,25,,,0
1900,'13301',2503,,8498,25,,,0,100,,8499,25,,,0,100,,8500,25,,,0
1900,'2',702,,11827,25,,,0,100,,11826,25,,,0,100,,11825,25,,,0,100,,11824,25,,,0,100,,11823,25,,,0,30,,11822,25,,,0,70,,11821,25,,,0,30,,11820,25,,,0,70,,11819,25,,,0,30,,11818,25,,,0,70,,11817,25,,,0,30,,11816,25,,,0,70,,11815,25,,,0,30,,11814,25,,,0,70,,11813,25,,,0,30,,11812,25,,,0,70,,11811,25,,,0,30,,11810,25,,,0,70,,11809,25,,,0,30,,11808,25,,,0,70,,11807,25,,,0,100,,11806,25,,,0,100,,11805,25,,,0,100,,11804,25,,,0,100,,11803,25,,,0,100,,11802,25,,,0
1900,'3',902,,8514,25,,,0,100,,8513,25,,,0,100,,8512,25,,,0,100,,8511,25,,,0,100,,8510,25,,,0,100,,8509,25,,,0,100,,8508,25,,,0,100,,8507,25,,,0,100,,8506,25,,,0,100,,8505,25,,,0,100,,8504,25,,,0,100,,8503,25,,,0,100,,8502,25,,,0,43,,8501,14,,,0
31100,'1201',812,,10523,14,,,0
31101,'1201',1547,,10524,24,,,0
