1000,'1',646,,7469,18,,,0,62,,7470,18,,,0,22,,7471,18,,,0,22,,7472,18,,,0,62,,7473,18,,,0,22,,7474,18,,,0,22,,7475,18,,,0,61,,7476,18,,,0,22,,7477,18,,,0,62,,7478,18,,,0,22,,7479,18,,,0,22,,7480,18,,,0,62,,7481,18,,,0,22,,7482,18,,,0,22,,7483,18,,,0,62,,7484,18,,,0,22,,7495,18,,,0,22,,7496,18,,,0,62,,7497,18,,,0,22,,7498,18,,,0,62,,7499,18,,,0,22,,7500,18,,,0,22,,7501,18,,,0,62,,7502,18,,,0,23,,7503,18,,,0,22,,7504,18,,,0,62,,7505,18,,,0,22,,7506,18,,,0,62,,7507,18,,,0,22,,7508,18,,,0,22,,7509,18,,,0,62,,7510,18,,,0,22,,7485,18,,,0,21,,7486,18,,,0,80,,7487,18,,,0,80,,7488,18,,,0,40,,7489,18,,,0,80,,7490,18,,,0,80,,7491,18,,,0,40,,7492,18,,,0,80,,7493,18,,,0,80,,7494,18,,,0,40,,7511,18,,,0
1000,'13301',2531,,7512,18,,,0,80,,7513,18,,,0,40,,7514,18,,,0,80,,7515,18,,,0
1000,'2',645,,11282,18,,,0,80,,11283,18,,,0,80,,11284,18,,,0,40,,11285,18,,,0,80,,11286,18,,,0,80,,11287,18,,,0,40,,11288,18,,,0,80,,11289,18,,,0,25,,11290,18,,,0,60,,11291,18,,,0,22,,11292,18,,,0,22,,11293,18,,,0,62,,11294,18,,,0,22,,11295,18,,,0,62,,11296,18,,,0,22,,11297,18,,,0,22,,11298,18,,,0,62,,11299,18,,,0,22,,11300,18,,,0,22,,11301,18,,,0,62,,11302,18,,,0,22,,11303,18,,,0,22,,11304,18,,,0,62,,11305,18,,,0,22,,11306,18,,,0,62,,11307,18,,,0,20,,11308,18,,,0,22,,11309,18,,,0,78,,11310,18,,,0,80,,11311,18,,,0,40,,11312,18,,,0,80,,11313,18,,,0,80,,11314,18,,,0,40,,11315,18,,,0,80,,11316,18,,,0,80,,11317,18,,,0,40,,11318,18,,,0
1000,'3',838,,7516,18,,,0,80,,7517,18,,,0,40,,7518,18,,,0,80,,7519,18,,,0,80,,7520,18,,,0,40,,7521,18,,,0,80,,7522,18,,,0,80,,7523,18,,,0,40,,7524,18,,,0,80,,7525,18,,,0,80,,7526,18,,,0,40,,7527,18,,,0,80,,7528,18,,,0,80,,7529,18,,,0,40,,7530,18,,,0,80,,7531,18,,,0,80,,7532,18,,,0,40,,7533,18,,,0,80,,7534,18,,,0,80,,7535,18,,,0
1901,'1',642,,8515,35,,,0,70,,8516,35,,,0,30,,8517,35,,,0,70,,8518,35,,,0,30,,8519,35,,,0,70,,8520,35,,,0,30,,8521,35,,,0,70,,8522,35,,,0,30,,8523,35,,,0,70,,8524,35,,,0,30,,8525,35,,,0,70,,8526,35,,,0,30,,8527,35,,,0,70,,8528,35,,,0,30,,8529,35,,,0,70,,8530,35,,,0,30,,8531,35,,,0,70,,8532,35,,,0,30,,8533,35,,,0,70,,8534,35,,,0,30,,8535,35,,,0,70,,8536,35,,,0,30,,8537,35,,,0,70,,8538,35,,,0,30,,8545,35,,,0,100,,8539,35,,,0,100,,8540,35,,,0,100,,8541,35,,,0,100,,8542,35,,,0,100,,8543,35,,,0
1901,'13301',2542,,8546,35,,,0,100,,8547,35,,,0,100,,8548,35,,,0
1901,'2',642,,11829,11,,,0,100,,11853,35,,,0,100,,11852,35,,,0,100,,11851,35,,,0,100,,11850,35,,,0,70,,11828,11,,,0,30,,11849,35,,,0,70,,11848,35,,,0,30,,11847,35,,,0,70,,11846,35,,,0,30,,11845,35,,,0,70,,11844,35,,,0,30,,11843,35,,,0,70,,11842,35,,,0,30,,11841,35,,,0,70,,11840,35,,,0,30,,11839,35,,,0,70,,11838,35,,,0,30,,11837,35,,,0,70,,11836,35,,,0,30,,11854,35,,,0,100,,11835,35,,,0,100,,11834,35,,,0,100,,11833,35,,,0,100,,11832,35,,,0,100,,11831,35,,,0
1901,'3',842,,8549,11,,,0,100,,8561,35,,,0,100,,8560,35,,,0,100,,8559,35,,,0,100,,8558,35,,,0,100,,8557,35,,,0,100,,8556,35,,,0,100,,8555,35,,,0,100,,8554,35,,,0,100,,8553,35,,,0,100,,8562,35,,,0,100,,8552,35,,,0,100,,8551,35,,,0
8300,'1',713,,10210,18,,,0,28,,10184,18,,,0,68,,10185,18,,,0,28,,10186,18,,,0,68,,10187,18,,,0,28,,10188,18,,,0,68,,10189,18,,,0,28,,10190,18,,,0,28,,10191,18,,,0,68,,10192,18,,,0,28,,10193,18,,,0,68,,10194,18,,,0,28,,10195,18,,,0,68,,10196,18,,,0,28,,10197,18,,,0,68,,10198,18,,,0,28,,10199,18,,,0,68,,10200,18,,,0,28,,10201,18,,,0,68,,10202,18,,,0,28,,10203,18,,,0,68,,10204,18,,,0,28,,10205,18,,,0,28,,10206,18,,,0,68,,10207,18,,,0,28,,10208,18,,,0,68,,10209,18,,,0
8701,'1',720,,10497,11,,,0,28,,10498,11,,,0,68,,10499,11,,,0,28,,10500,11,,,0,68,,10501,11,,,0,28,,10502,11,,,0,68,,10503,11,,,0,26,,10504,11,,,0,67,,10505,11,,,0,33,,10506,11,,,0,75,,10507,11,,,0,35,,10508,11,,,0,75,,10509,11,,,0,35,,10510,11,,,0,75,,10511,11,,,0,30,,10512,11,,,0,73,,10513,11,,,0,70,,10514,11,,,0,28,,10515,11,,,0,28,,10516,11,,,0,68,,10517,11,,,0,28,,10518,11,,,0,68,,10519,11,,,0,28,,10520,11,,,0
33601,'1201',1537,,10564,13,,,0
