301,'1',628,,6561,17,,,0,30,,6560,17,,,0,70,,6559,17,,,0,30,,6558,17,,,0,70,,6557,17,,,0,30,,6556,17,,,0,70,,6555,17,,,0,30,,6554,17,,,0,70,,6553,17,,,0,30,,6552,17,,,0,70,,6551,17,,,0,30,,6550,17,,,0,70,,6549,17,,,0,30,,6548,17,,,0,70,,6547,17,,,0,30,,6546,17,,,0,70,,6545,17,,,0,30,,6544,17,,,0,70,,6543,17,,,0,30,,6542,17,,,0,70,,6541,17,,,0,30,,6540,17,,,0,70,,6539,17,,,0,30,,6538,17,,,0,70,,6537,17,,,0,26,,6536,17,,,0,74,,6535,17,,,0,100,,6534,17,,,0,100,,6533,17,,,0,100,,6532,17,,,0,100,,6531,17,,,0,100,,6530,17,,,0
301,'13301',2528,,6562,17,,,0,100,,6563,17,,,0,100,,6564,17,,,0
301,'3',928,,6577,17,,,0,100,,6576,17,,,0,100,,6575,17,,,0,100,,6574,17,,,0,100,,6573,17,,,0,100,,6572,17,,,0,100,,6571,17,,,0,100,,6570,17,,,0,100,,6569,17,,,0,100,,6568,17,,,0,100,,6567,17,,,0,100,,6566,17,,,0,100,,6565,17,,,0
501,'1',627,,6865,23,,,0,30,,6840,23,,,0,70,,6841,23,,,0,30,,6842,23,,,0,70,,6843,23,,,0,30,,6844,23,,,0,70,,6845,23,,,0,30,,6846,23,,,0,70,,6847,23,,,0,30,,6848,23,,,0,70,,6849,23,,,0,30,,6850,23,,,0,70,,6851,23,,,0,30,,6852,23,,,0,70,,6853,23,,,0,30,,6854,23,,,0,70,,6855,23,,,0,30,,6856,23,,,0,70,,6857,23,,,0,30,,6858,23,,,0,70,,6859,23,,,0,30,,6860,23,,,0,70,,6861,23,,,0,30,,6862,23,,,0,70,,6863,23,,,0,30,,6864,23,,,0,154,,6871,23,,,0,100,,6872,23,,,0,100,,6873,23,,,0,100,,6874,23,,,0,100,,6875,23,,,0
501,'1201',1542,,6876,15,,,0
501,'13301',2511,,6877,23,,,0,100,,6878,23,,,0,100,,6879,23,,,0
501,'3',911,,6907,23,,,0,100,,6905,23,,,0,100,,6903,23,,,0,100,,6901,23,,,0,100,,6899,23,,,0,100,,6897,23,,,0,100,,6895,23,,,0,100,,6893,23,,,0,100,,6891,23,,,0,100,,6889,23,,,0,100,,6888,23,,,0,100,,6887,23,,,0,100,,6886,23,,,0
601,'1',612,,6986,38,0,18 19,0,30,,6987,38,0,18 19,0,70,,6955,38,0,18 19,0,30,,6956,38,0,18 19,0,70,,6957,38,0,18 19,0,30,,6958,38,0,18 19,0,70,,6959,38,0,18 19,0,30,,6960,38,0,18 19,0,70,,6961,38,0,18 19,0,30,,6962,38,0,18 19,0,70,,6963,38,0,18 19,0,30,,6964,38,0,18 19,0,70,,6965,38,0,18 19,0,30,,6966,38,0,18 19,0,70,,6967,38,0,18 19,0,30,,6968,38,0,18 19,0,70,,6969,38,0,18 19,0,30,,6970,38,0,18 19,0,70,,6971,38,0,18 19,0,30,,6972,38,0,18 19,0,70,,6973,38,0,18 19,0,30,,6974,38,0,18 19,0,70,,6975,38,0,18 19,0,30,,6976,38,0,18 19,0,70,,6977,38,0,18 19,0,30,,6978,38,0,18 19,0,71,,6979,38,0,18 19,0,29,,6980,38,0,18 19,0,100,,6981,38,0,18 19,0,100,,6982,38,0,18 19,0,100,,6983,38,0,18 19,0,100,,6984,38,0,18 19,0,95,,6985,38,0,18 19,0
601,'13301',2542,,6988,38,0,18 19,0,100,,6989,38,0,18 19,0,100,,6990,38,0,18 19,0
601,'3',842,,6991,38,0,18 19,0,100,,6992,38,0,18 19,0,100,,6993,38,0,18 19,0,100,,6994,38,0,18 19,0,100,,6995,38,0,18 19,0,100,,6996,38,0,18 19,0,100,,6997,38,0,18 19,0,100,,6998,38,0,18 19,0,100,,6999,38,0,18 19,0,100,,7000,38,0,18 19,0,100,,7001,38,0,18 19,0,100,,7002,38,0,18 19,0,100,,7003,38,0,18 19,0,95,,7004,38,0,18 19,0
701,'1',623,,7083,41,,,0,30,,7082,41,,,0,70,,7081,41,,,0,33,,7080,41,,,0,70,,7079,41,,,0,30,,7078,41,,,0,70,,7077,41,,,0,30,,7076,41,,,0,70,,7075,41,,,0,30,,7074,41,,,0,70,,7073,41,,,0,30,,7072,41,,,0,70,,7071,41,,,0,30,,7070,41,,,0,70,,7069,41,,,0,30,,7068,41,,,0,70,,7067,41,,,0,30,,7066,41,,,0,70,,7065,41,,,0,30,,7064,41,,,0,70,,7063,41,,,0,30,,7062,41,,,0,70,,7061,41,,,0,30,,7060,41,,,0,70,,7059,41,,,0,30,,7058,41,,,0,67,,7057,41,,,0,100,,7056,41,,,0,100,,7055,41,,,0,100,,7054,41,,,0,100,,7053,41,,,0,91,,7052,41,,,0
701,'13301',2520,,7084,41,,,0,100,,7085,41,,,0,100,,7086,41,,,0
701,'3',925,,7099,41,,,0,100,,7098,41,,,0,100,,7097,41,,,0,100,,7096,41,,,0,100,,7095,41,,,0,100,,7094,41,,,0,100,,7093,41,,,0,100,,7092,41,,,0,100,,7091,41,,,0,100,,7090,41,,,0,100,,7089,41,,,0,100,,7088,41,,,0,91,,7087,41,,,0
1900,'1',613,,8466,36,,,0,30,,8467,36,,,0,70,,8468,36,,,0,30,,8469,36,,,0,70,,8470,36,,,0,30,,8497,36,,,0,70,,8471,36,,,0,30,,8472,36,,,0,70,,8473,36,,,0,30,,8474,36,,,0,70,,8475,36,,,0,30,,8476,36,,,0,70,,8477,36,,,0,30,,8478,36,,,0,70,,8479,36,,,0,30,,8480,36,,,0,70,,8481,36,,,0,30,,8482,36,,,0,70,,8483,36,,,0,30,,8484,36,,,0,70,,8485,36,,,0,30,,8486,36,,,0,70,,8487,36,,,0,30,,8488,36,,,0,70,,8489,36,,,0,30,,8490,36,,,0,70,,8491,36,,,0,100,,8492,36,,,0,100,,8493,36,,,0,100,,8494,36,,,0,100,,8495,36,,,0,100,,8496,36,,,0
1900,'13301',2514,,8498,36,,,0,100,,8499,36,,,0,100,,8500,36,,,0
1900,'3',913,,8514,36,,,0,100,,8513,36,,,0,100,,8512,36,,,0,100,,8511,36,,,0,100,,8510,36,,,0,100,,8509,36,,,0,100,,8508,36,,,0,100,,8507,36,,,0,100,,8506,36,,,0,100,,8505,36,,,0,100,,8504,36,,,0,100,,8503,36,,,0,100,,8502,36,,,0,43,,8501,25,,,0
2201,'1',657,,8573,42,,,0,79,,8572,42,,,0,70,,8574,42,,,0,30,,8571,42,,,0,70,,8570,42,,,0
6000,'1',642,,9686,19,,,0,70,,9685,19,,,0,30,,9684,19,,,0,70,,9683,19,,,0,30,,9682,19,,,0,70,,9681,19,,,0,30,,9680,19,,,0,70,,9679,19,,,0,30,,9678,19,,,0,70,,9677,19,,,0,30,,9676,19,,,0,70,,9675,19,,,0,30,,9674,19,,,0,70,,9673,19,,,0,30,,9672,19,,,0,70,,9671,19,,,0,30,,9670,19,,,0,70,,9669,19,,,0,30,,9668,19,,,0,70,,9667,19,,,0,30,,9666,19,,,0,70,,9665,19,,,0,30,,9664,19,,,0,70,,9663,19,,,0,30,,9662,19,,,0,70,,9687,19,,,0,100,,9661,19,,,0,100,,9660,19,,,0,100,,9659,19,,,0,100,,9658,19,,,0,100,,9657,19,,,0
6000,'13301',2511,,9691,19,,,0,100,,9692,19,,,0,100,,9693,19,,,0
6000,'3',912,,9706,19,,,0,100,,9705,19,,,0,100,,9704,19,,,0,100,,9703,19,,,0,100,,9702,19,,,0,100,,9701,19,,,0,100,,9700,19,,,0,100,,9699,19,,,0,100,,9698,19,,,0,100,,9697,19,,,0,100,,9707,19,,,0,100,,9696,19,,,0,100,,9695,19,,,0
6500,'1',627,,10113,19,,,0,30,,10114,19,,,0,70,,10112,19,,,0,30,,10111,19,,,0,70,,10110,19,,,0,30,,10109,19,,,0,70,,10108,19,,,0,30,,10107,19,,,0,70,,10106,19,,,0,30,,10105,19,,,0,70,,10104,19,,,0,30,,10103,19,,,0,70,,10102,19,,,0,30,,10101,19,,,0,70,,10100,19,,,0,30,,10099,19,,,0,70,,10098,19,,,0,30,,10097,19,,,0,70,,10096,19,,,0,30,,10095,19,,,0,70,,10094,19,,,0,30,,10093,19,,,0,70,,10092,19,,,0,30,,10091,19,,,0,70,,10090,19,,,0,30,,10089,19,,,0,85,,10088,19,,,0,100,,10087,19,,,0,100,,10083,19,,,0,100,,10085,19,,,0,100,,10084,19,,,0,94,,10086,19,,,0
6500,'1201',853,,10116,11,,,0,70,,10117,11,,,0
6500,'13301',2536,,10118,19,,,0,100,,10119,19,,,0,100,,10120,19,,,0
6500,'3',842,,10126,12,,,0,100,,10125,19,,,0,100,,10124,19,,,0,100,,10127,19,,,0,100,,10128,19,,,0,100,,10129,19,,,0,100,,10130,19,,,0,100,,10131,19,,,0,100,,10132,19,,,0,100,,10133,19,,,0,100,,10134,19,,,0,100,,10123,19,,,0,100,,10122,19,,,0,94,,10121,19,,,0
30501,'1201',1634,,10521,7,,,0
30501,'12801',1634,,10522,7,,,0
