6100,'1',615,,9798,1,,,0,8,,9796,1,,,0,30,,9795,1,,,0,70,,9794,1,,,0,30,,9793,1,,,0,70,,9792,1,,,0,30,,9791,1,,,0,70,,9790,1,,,0,30,,9789,1,,,0,70,,9788,1,,,0,30,,9787,1,,,0,70,,9786,1,,,0,30,,9785,1,,,0,70,,9784,1,,,0,30,,9783,1,,,0,70,,9782,1,,,0,30,,9781,1,,,0,70,,9780,1,,,0,30,,9779,1,,,0,70,,9778,1,,,0,30,,9777,1,,,0,70,,9773,1,,,0,30,,9772,1,,,0,70,,9766,1,,,0,30,,9776,1,,,0,70,,9775,1,,,0,24,,9774,1,,,0,76,,9771,1,,,0,100,,9770,1,,,0,100,,9769,1,,,0,100,,9768,1,,,0,100,,9767,1,,,0,99,,9797,1,,,0
6100,'1201',800,,9809,1,,,0,8,,9801,1,,,0,12,,9802,1,,,0,10,,9808,1,,,0,10,,9803,1,,,0,305,,9810,1,,,0,65,,9811,1,,,0,305,10,9805,1,0,13 14,0,10,10,9807,1,0,13 14,0,10,10,9804,1,0,13 14,0,7,,9806,1,,,0,66,,9799,1,,,0,30,,9800,1,,,0
6100,'13301',2523,,9812,1,,,0,100,,9813,1,,,0,100,,9814,1,,,0
6100,'2',623,,12444,1,,,0,100,,12443,1,,,0,100,,12442,1,,,0,100,,12441,1,,,0,100,,12440,1,,,0,100,,12439,1,,,0,30,,12438,1,,,0,70,,12437,1,,,0,30,,12436,1,,,0,70,,12435,1,,,0,30,,12434,1,,,0,70,,12433,1,,,0,30,,12432,1,,,0,70,,12431,1,,,0,30,,12430,1,,,0,70,,12426,1,,,0,30,,12425,1,,,0,70,,12419,1,,,0,30,,12429,1,,,0,70,,12428,1,,,0,24,,12427,1,,,0,76,,12424,1,,,0,100,,12423,1,,,0,100,,12422,1,,,0,100,,12421,1,,,0,100,,12420,1,,,0,99,,12445,1,,,0
6100,'3',823,,9827,1,,,0,100,,9826,1,,,0,100,,9825,1,,,0,100,,9824,1,,,0,100,,9823,1,,,0,100,,9822,1,,,0,100,,9821,1,,,0,100,,9820,1,,,0,100,,9818,1,,,0,100,,9815,1,,,0,100,,9819,1,,,0,100,,9817,1,,,0,100,,9816,1,,,0,99,,9828,1,,,0
6101,'1',620,,9859,5,4,,0,30,,9858,5,4,,0,70,,9857,5,4,,0,30,,9856,5,4,,0,73,,9855,5,4,,0,27,,9854,5,4,,0,70,,9853,5,4,,0,30,,9852,5,4,,0,70,,9851,5,4,,0,30,,9850,5,4,,0,70,,9849,5,4,,0,30,,9848,5,4,,0,70,,9847,5,4,,0,30,,9846,5,4,,0,70,,9845,5,4,,0,30,,9844,5,4,,0,70,,9843,5,4,,0,30,,9842,5,4,,0,70,,9841,5,4,,0,100,,9840,5,4,,0,30,,9839,5,4,,0,70,,9838,5,4,,0,30,,9837,5,4,,0,70,,9836,5,4,,0,27,,9835,5,4,,0,73,,9829,5,4,,0,100,,9834,5,4,,0,100,,9833,5,4,,0,100,,9832,5,4,,0,100,,9831,5,4,,0,100,,9830,5,4,,0
6101,'1201',738,,9870,5,4,,0,10,,9871,5,4,,0,52,,9863,5,4,,0,8,,9864,5,4,,0,12,,9867,5,4,,0,10,,9865,5,4,,0,10,,9866,5,4,,0,4,,9869,5,4,,0,58,,9868,5,4,,0,233,,9872,5,4,,0,74,,9873,5,4,,0,341,,9862,5,4,,0,55,,9861,5,4,,0,30,,9860,5,4,,0
6101,'12801',1550,,9874,5,4,,0
6101,'13301',2520,,9875,5,4,,0,100,,9876,5,4,,0,100,,9877,5,4,,0
6101,'2',620,,12472,5,4,,0,100,,12471,5,4,,0,100,,12470,5,4,,0,100,,12469,5,4,,0,100,,12468,5,4,,0,100,,12467,5,4,,0,30,,12466,5,4,,0,70,,12465,5,4,,0,30,,12464,5,4,,0,70,,12463,5,4,,0,30,,12462,5,4,,0,70,,12461,5,4,,0,30,,12460,5,4,,0,70,,12459,5,4,,0,30,,12458,5,4,,0,70,,12457,5,4,,0,30,,12456,5,4,,0,70,,12455,5,4,,0,30,,12454,5,4,,0,70,,12453,5,4,,0,27,,12452,5,4,,0,73,,12446,5,4,,0,100,,12451,5,4,,0,100,,12450,5,4,,0,100,,12449,5,4,,0,100,,12448,5,4,,0,100,,12447,5,4,,0
6101,'3',823,,9891,5,4,,0,97,,9890,5,4,,0,100,,9889,5,4,,0,100,,9888,5,4,,0,100,,9887,5,4,,0,100,,9886,5,4,,0,100,,9885,5,4,,0,100,,9884,5,4,,0,100,,9883,5,4,,0,100,,9882,5,4,,0,100,,9881,5,4,,0,100,,9878,5,4,,0,100,,9880,5,4,,0,100,,9879,5,4,,0
