1401,'1',657,,7860,34,,,0,70,,7859,34,,,0,30,,7858,34,,,0,70,,7857,34,,,0,30,,7856,34,,,0,70,,7855,34,,,0,30,,7854,34,,,0,100,,7853,34,,,0,100,,7852,34,,,0,100,,7851,34,,,0,100,,7850,34,,,0,100,,7849,34,,,0,100,,7848,34,,,0,70,,7847,34,,,0,30,,7846,34,,,0,70,,7845,34,,,0,30,,7844,34,,,0,70,,7843,34,,,0,30,,7842,34,,,0,100,,7841,34,,,0,100,,7840,34,,,0,100,,7839,34,,,0,100,,7838,34,,,0,100,,7837,34,,,0
1401,'2',657,,11495,34,,,0,100,,11494,34,,,0,100,,11493,34,,,0,100,,11492,34,,,0,100,,11491,34,,,0,100,,11490,34,,,0,100,,11489,34,,,0,100,,11488,34,,,0,100,,11487,34,,,0,100,,11486,34,,,0,100,,11485,34,,,0,100,,11484,34,,,0,100,,11483,34,,,0,100,,11482,34,,,0,100,,11481,34,,,0,100,,11480,34,,,0,100,,11479,34,,,0,100,,11478,34,,,0
1401,'3',857,,7864,12,,,0,100,,7867,34,,,0,100,,7866,34,,,0,100,,7865,34,,,0,100,,7876,34,,,0,100,,7875,34,,,0,100,,7874,34,,,0,100,,7873,34,,,0,100,,7872,34,,,0,100,,7871,34,,,0,100,,7870,34,,,0,100,,7869,34,,,0,100,,7868,34,,,0
3001,'1',621,,8954,12,,,0,37,,8955,12,,,0,84,,8956,12,,,0,80,,8957,12,,,0,80,,8958,12,,,0,43,,8959,12,,,0,77,,8960,12,,,0,80,,8961,12,,,0,40,,8962,12,,,0,80,,8963,12,,,0,80,,8964,12,,,0,40,,8965,12,,,0,80,,8966,12,,,0,80,,8967,12,,,0,43,,8968,12,,,0,82,,8969,12,,,0,80,,8970,12,,,0,40,,8971,12,,,0,80,,8972,12,,,0,76,,8973,12,,,0,38,,8948,12,,,0,95,,8949,12,,,0,100,,8950,12,,,0,100,,8951,12,,,0,100,,8952,12,,,0,101,,8953,12,,,0
3001,'13301',2537,,8974,12,,,0,100,,8975,12,,,0,100,,8976,12,,,0
3001,'2',643,,12033,12,,,0,100,,12035,12,,,0,100,,12036,12,,,0,100,,12037,12,,,0,100,,12034,12,,,0,85,,12038,12,,,0,80,,12039,12,,,0,40,,12040,12,,,0,80,,12041,12,,,0,80,,12042,12,,,0,40,,12043,12,,,0,80,,12044,12,,,0,80,,12045,12,,,0,40,,12046,12,,,0,80,,12047,12,,,0,80,,12048,12,,,0,35,,12049,12,,,0,100,,12027,12,,,0,100,,12028,12,,,0,100,,12029,12,,,0,100,,12030,12,,,0,100,,12031,12,,,0,89,,12032,12,,,0
3001,'3',843,,8977,12,,,0,100,,8978,12,,,0,100,,8979,12,,,0,100,,8980,12,,,0,100,,8981,12,,,0,100,,8982,12,,,0,100,,8983,12,,,0,100,,8984,12,,,0,100,,8985,12,,,0,100,,8986,12,,,0,100,,8987,12,,,0,100,,8988,12,,,0,100,,8989,12,,,0,100,,8990,12,,,0
3501,'1',602,,9081,12,,,0,40,,9082,12,,,0,77,,9083,12,,,0,83,,9084,12,,,0,40,,9085,12,,,0,80,,9086,12,,,0,79,,9087,12,,,0,43,,9088,12,,,0,80,,9089,12,,,0,80,,9090,12,,,0,40,,9091,12,,,0,80,,9092,12,,,0,80,,9093,12,,,0,40,,9094,12,,,0,81,,9095,12,,,0,83,,9096,12,,,0,40,,9097,12,,,0,80,,9098,12,,,0,80,,9099,12,,,0,40,,9075,12,,,0,73,,9100,12,,,0,85,,9076,12,,,0,100,,9077,12,,,0,100,,9078,12,,,0,100,,9079,12,,,0,100,,9080,12,,,0
3501,'13301',2506,,9101,12,,,0,100,,9102,12,,,0,100,,9103,12,,,0
3501,'2',713,,12110,12,,,0,100,,12111,12,,,0,100,,12112,12,,,0,100,,12113,12,,,0,95,,12114,12,,,0,40,,12099,12,,,0,80,,12100,12,,,0,80,,12101,12,,,0,40,,12102,12,,,0,80,,12103,12,,,0,80,,12104,12,,,0,40,,12105,12,,,0,80,,12106,12,,,0,80,,12107,12,,,0,40,,12108,12,,,0,80,,12109,12,,,0,85,,12093,12,,,0,100,,12094,12,,,0,100,,12095,12,,,0,100,,12096,12,,,0,100,,12097,12,,,0,100,,12098,12,,,0
3501,'3',913,,9104,12,,,0,100,,9105,12,,,0,100,,9106,12,,,0,100,,9107,12,,,0,100,,9108,12,,,0,100,,9109,12,,,0,100,,9110,12,,,0,100,,9111,12,,,0,100,,9112,12,,,0,100,,9113,12,,,0,100,,9114,12,,,0,100,,9115,12,,,0,100,,9116,12,,,0
6001,'1',1638,,9743,1,,,0,15,,9744,1,,,0
6001,'1201',1553,,9746,1,,,0,55,,9745,1,,,0
6001,'12801',1553,,9747,1,,,0,55,,9748,1,,,0
35801,'1201',1528,,10572,2,,,0
