1700,'1',702,,8083,8,0,7,0,20,,8084,8,0,7,0,20,,8085,8,0,7,0,60,,8086,8,0,7,0,20,,8087,8,0,7,0,20,,8088,8,0,7,0,60,,8089,8,0,7,0,20,,8090,8,0,7,0,20,,8117,8,0,7,0,73,,8118,8,0,7,0,35,,8119,8,0,7,0,70,,8120,8,0,7,0,30,,8121,8,0,7,0,70,,8122,8,0,7,0,30,,8123,8,0,7,0,70,,8124,8,0,7,0,30,,8125,8,0,7,0,75,,8126,8,0,7,0,23,,8127,8,0,7,0,60,,8163,8,0,7,0,19,,8091,8,0,7,0,18,,8092,8,0,7,0,60,,8093,8,0,7,0,20,,8094,8,0,7,0,20,,8095,8,0,7,0,60,,8096,8,0,7,0,20,,8097,8,0,7,0,20,,8098,8,0,7,0,60,,8099,8,0,7,0,20,,8139,8,0,7,0,20,,8140,8,0,7,0,66,,8141,8,0,7,0,45,,8144,8,0,7,0,85,,8145,8,0,7,0,85,,8146,8,0,7,0,85,,8147,8,0,7,0,46,,8148,13,0,7,0,84,,8149,8,0,7,0,84,,8165,8,0,7,0
1700,'13301',2511,,8167,8,0,7,0,45,,8168,8,0,7,0,85,,8169,8,0,7,0,85,,8170,8,0,7,0
1700,'3',859,,8190,8,0,7,0,85,,8191,8,0,7,0,85,,8192,8,0,7,0,85,,8193,8,0,7,0,45,,8194,8,0,7,0,85,,8195,8,0,7,0,85,,8223,8,0,7,0,85,,8196,8,0,7,0,45,,8197,8,0,7,0,85,,8198,8,0,7,0,85,,8199,8,0,7,0,85,,8200,8,0,7,0,45,,8201,8,0,7,0,85,,8202,8,0,7,0,85,,8203,8,0,7,0,85,,8204,8,0,7,0,45,,8205,8,0,7,0
1701,'1',602,,8256,22,0,7,0
1701,'14001',732,,8315,22,0,7,0,20,,8316,22,0,7,0,60,,8317,22,0,7,0,20,,8318,22,0,7,0,20,,8319,22,0,7,0,60,,8320,22,0,7,0,20,,8321,22,0,7,0,20,,8322,22,0,7,0,603,,8330,22,0,7,0,60,,8323,22,0,7,0,20,,8324,22,0,7,0,20,,8325,22,0,7,0,60,,8326,22,0,7,0,20,,8327,22,0,7,0,20,,8328,22,0,7,0,60,,8329,22,0,7,0
2601,'1',659,,8661,18,,,0,71,,8662,18,,,0,73,,8663,18,,,0,30,,8664,18,,,0,70,,8665,18,,,0,30,,8666,18,,,0,70,,8667,18,,,0,27,,8668,18,,,0,70,,8669,18,,,0,30,,8670,18,,,0,70,,8671,18,,,0,30,,8672,18,,,0,70,,8673,18,,,0,30,,8674,18,,,0,70,,8675,18,,,0,30,,8676,18,,,0,70,,8677,18,,,0,29,,8678,18,,,0,73,,8679,18,,,0,30,,8680,18,,,0,70,,8681,18,,,0,30,,8682,18,,,0,70,,8683,18,,,0,30,,8684,18,,,0,70,,8685,18,,,0,20,,8652,18,,,0,80,,8653,18,,,0,40,,8654,18,,,0,80,,8655,18,,,0,80,,8656,18,,,0,40,,8657,18,,,0,80,,8658,18,,,0,80,,8659,18,,,0,40,,8660,18,,,0
2601,'13301',2522,,8686,18,,,0,80,,8687,18,,,0,40,,8688,18,,,0,80,,8689,18,,,0
2601,'3',922,,8690,18,,,0,80,,8691,18,,,0,40,,8692,18,,,0,80,,8693,18,,,0,80,,8694,18,,,0,40,,8695,18,,,0,80,,8696,18,,,0,80,,8697,18,,,0,40,,8698,18,,,0,80,,8699,18,,,0,80,,8700,18,,,0,40,,8701,18,,,0,80,,8702,18,,,0,80,,8703,18,,,0,40,,8704,18,,,0,80,,8705,18,,,0,80,,8706,18,,,0,40,,8707,18,,,0,80,,8708,18,,,0,34,,8709,18,,,0
2701,'1',604,,8802,18,,,0,40,,8777,18,,,0,70,,8778,18,,,0,32,,8779,18,,,0,70,,8780,18,,,0,30,,8781,18,,,0,70,,8782,18,,,0,30,,8783,18,,,0,70,,8784,18,,,0,30,,8785,18,,,0,70,,8786,18,,,0,30,,8787,18,,,0,70,,8788,18,,,0,30,,8789,18,,,0,70,,8790,18,,,0,30,,8791,18,,,0,70,,8792,18,,,0,30,,8793,18,,,0,70,,8794,18,,,0,31,,8795,18,,,0,70,,8796,18,,,0,30,,8797,18,,,0,70,,8798,18,,,0,30,,8799,18,,,0,70,,8800,18,,,0,30,,8801,18,,,0,77,,8769,18,,,0,80,,8770,18,,,0,40,,8771,18,,,0,80,,8772,18,,,0,80,,8773,18,,,0,40,,8774,18,,,0,80,,8775,18,,,0,80,,8776,18,,,0
2701,'13301',2524,,8803,18,,,0,80,,8804,18,,,0,40,,8805,18,,,0,80,,8806,18,,,0
2701,'3',906,,8807,18,,,0,40,,8808,18,,,0,80,,8809,18,,,0,80,,8810,18,,,0,40,,8811,18,,,0,80,,8812,18,,,0,80,,8813,18,,,0,40,,8814,18,,,0,80,,8815,18,,,0,80,,8816,18,,,0,40,,8817,18,,,0,80,,8818,18,,,0,80,,8819,18,,,0,40,,8820,18,,,0,80,,8821,18,,,0,80,,8822,18,,,0,40,,8823,18,,,0,80,,8824,18,,,0,80,,8825,18,,,0,40,,8826,18,,,0
2901,'1',703,,8846,26,,,0,40,,8847,26,,,0,80,,8848,26,,,0,80,,8849,26,,,0,40,,8850,26,,,0,80,,8851,26,,,0,80,,8852,26,,,0,40,,8853,26,,,0,80,,8854,26,,,0,80,,8855,26,,,0,40,,8856,26,,,0,80,,8863,26,,,0,80,,8857,26,,,0,40,,8858,26,,,0,80,,8859,26,,,0,80,,8860,26,,,0,40,,8861,26,,,0,80,,8862,26,,,0
5001,'1',623,,9539,20,,,0,30,,9540,20,,,0,70,,9511,20,,,0,30,,9512,20,,,0,70,,9513,20,,,0,30,,9514,20,,,0,70,,9515,20,,,0,30,,9516,20,,,0,70,,9517,20,,,0,30,,9518,20,,,0,70,,9519,20,,,0,30,,9520,20,,,0,70,,9521,20,,,0,30,,9522,20,,,0,70,,9523,20,,,0,30,,9524,20,,,0,70,,9525,20,,,0,30,,9526,20,,,0,75,,9527,20,,,0,26,,9528,20,,,0,70,,9529,20,,,0,30,,9530,20,,,0,70,,9531,20,,,0,30,,9532,20,,,0,70,,9533,20,,,0,30,,9541,20,,,0,69,,9534,20,,,0,100,,9535,20,,,0,100,,9536,20,,,0,100,,9537,20,,,0,100,,9538,20,,,0,100,,9542,20,,,0
5001,'13301',2523,,9543,20,,,0,100,,9544,20,,,0,100,,9545,20,,,0
5001,'3',931,,9549,20,,,0,100,,9550,20,,,0,100,,9551,20,,,0,100,,9552,20,,,0,100,,9553,20,,,0,100,,9554,20,,,0,100,,9555,20,,,0,100,,9556,20,,,0,100,,9557,20,,,0,100,,9558,20,,,0,100,,9546,20,,,0,100,,9547,20,,,0,99,,9548,20,,,0
5501,'1',609,,9638,21,,,0,30,,9637,21,,,0,70,,9608,21,,,0,30,,9609,21,,,0,70,,9610,21,,,0,30,,9611,21,,,0,70,,9612,21,,,0,30,,9613,21,,,0,70,,9614,21,,,0,30,,9615,21,,,0,70,,9616,21,,,0,30,,9617,21,,,0,70,,9618,21,,,0,30,,9619,21,,,0,70,,9620,21,,,0,30,,9621,21,,,0,70,,9622,21,,,0,30,,9623,21,,,0,70,,9624,21,,,0,34,,9625,21,,,0,70,,9626,21,,,0,30,,9627,21,,,0,70,,9628,21,,,0,30,,9629,21,,,0,70,,9630,21,,,0,30,,9631,21,,,0,70,,9639,21,,,0,40,,9632,21,,,0,100,,9633,21,,,0,100,,9634,21,,,0,100,,9635,21,,,0,100,,9636,21,,,0
5501,'13301',2553,,9640,21,,,0,100,,9641,21,,,0,100,,9642,21,,,0
5501,'3',1002,,9643,21,,,0,100,,9644,21,,,0,100,,9645,21,,,0,100,,9646,21,,,0,100,,9647,21,,,0,100,,9648,21,,,0,100,,9649,21,,,0,100,,9650,21,,,0,100,,9651,21,,,0,100,,9652,21,,,0,100,,9653,21,,,0,100,,9654,21,,,0,54,,9655,21,,,0
