2900,'1',727,,8827,16,,,0,80,,8830,16,,,0,40,,8831,16,,,0,80,,8832,16,,,0,80,,8833,16,,,0,40,,8834,16,,,0,80,,8835,16,,,0,80,,8836,16,,,0,40,,8837,16,,,0,80,,8838,16,,,0,80,,8839,16,,,0,40,,8840,16,,,0,80,,8841,16,,,0,80,,8842,16,,,0,40,,8843,16,,,0,80,,8844,16,,,0,80,,8845,16,,,0
4300,'1',537,,9117,1,,,0,70,,9118,1,,,0,30,,9119,18,,,0,70,,9120,18,,,0,29,,9121,18,,,0,70,,9122,18,,,0,30,,9123,18,,,0,70,,9124,18,,,0,29,,9125,18,,,0,69,,9126,18,,,0,30,,9127,18,,,0,70,,9128,18,,,0,30,,9129,18,,,0,70,,9130,18,,,0,30,,9131,18,,,0,70,,9132,18,,,0,30,,9133,18,,,0,70,,9134,18,,,0,30,,9135,18,,,0,70,,9136,18,,,0,30,,9137,18,,,0,70,,9138,18,,,0,30,,9139,18,,,0,70,,9140,18,,,0,30,,9141,18,,,0,70,,9142,18,,,0,30,,9143,18,,,0,21,,9144,18,,,0,70,,9145,18,,,0,100,,9146,18,,,0,100,,9147,18,,,0,100,,9148,18,,,0,100,,9149,18,,,0,100,,9150,18,,,0
4300,'13301',2525,,9151,18,,,0,100,,9152,18,,,0,100,,9153,18,,,0
4300,'2',655,,12115,18,,,0,100,,12116,18,,,0,100,,12117,18,,,0,100,,12118,18,,,0,100,,12119,18,,,0,70,,12133,18,,,0,30,,12120,18,,,0,70,,12134,18,,,0,30,,12121,18,,,0,70,,12135,18,,,0,30,,12122,18,,,0,70,,12136,18,,,0,30,,12123,18,,,0,70,,12137,18,,,0,30,,12124,18,,,0,70,,12138,18,,,0,30,,12125,18,,,0,70,,12139,18,,,0,30,,12126,18,,,0,70,,12140,18,,,0,30,,12127,18,,,0,100,,12128,18,,,0,100,,12129,18,,,0,100,,12130,18,,,0,100,,12131,18,,,0,100,,12132,18,,,0
4300,'3',855,,9154,18,,,0,100,,9155,18,,,0,100,,9156,18,,,0,100,,9157,18,,,0,100,,9158,18,,,0,100,,9159,18,,,0,100,,9160,18,,,0,100,,9161,18,,,0,100,,9162,18,,,0,100,,9163,18,,,0,100,,9164,18,,,0,100,,9165,18,,,0,100,,9166,18,,,0,100,,9167,18,,,0
4400,'1',544,,9219,1,,,0,70,,9220,1,,,0,30,,9221,18,,,0,70,,9222,18,,,0,29,,9223,18,,,0,70,,9224,18,,,0,30,,9225,18,,,0,70,,9226,18,,,0,29,,9227,18,,,0,70,,9228,18,,,0,30,,9229,18,,,0,70,,9230,18,,,0,30,,9231,18,,,0,70,,9232,18,,,0,30,,9233,18,,,0,70,,9234,18,,,0,30,,9235,18,,,0,70,,9236,18,,,0,30,,9237,18,,,0,70,,9238,18,,,0,30,,9239,18,,,0,70,,9240,18,,,0,30,,9241,18,,,0,70,,9242,18,,,0,30,,9243,18,,,0,70,,9244,18,,,0,94,,9245,18,,,0,100,,9246,18,,,0,100,,9247,18,,,0,100,,9248,18,,,0,100,,9249,18,,,0,101,,9250,18,,,0
4400,'13301',2506,,9251,18,,,0,100,,9252,18,,,0,100,,9253,18,,,0
4400,'2',637,,12177,1,,,0,99,,12176,18,,,0,100,,12175,18,,,0,100,,12174,18,,,0,100,,12173,18,,,0,100,,12178,18,,,0,70,,12179,18,,,0,30,,12180,18,,,0,70,,12181,18,,,0,30,,12182,18,,,0,70,,12183,18,,,0,30,,12184,18,,,0,70,,12185,18,,,0,30,,12186,18,,,0,70,,12187,18,,,0,30,,12188,18,,,0,70,,12189,18,,,0,30,,12190,18,,,0,70,,12191,18,,,0,30,,12192,18,,,0,70,,12193,18,,,0,30,,12172,18,,,0,100,,12171,18,,,0,100,,12170,18,,,0,100,,12169,18,,,0,100,,12168,18,,,0,98,,12167,18,,,0
4400,'3',837,,9267,1,,,0,99,,9266,18,,,0,100,,9265,18,,,0,100,,9261,18,,,0,100,,9260,18,,,0,100,,9259,18,,,0,100,,9258,18,,,0,100,,9257,18,,,0,100,,9256,18,,,0,100,,9255,18,,,0,100,,9254,18,,,0,100,,9264,18,,,0,100,,9263,18,,,0,99,,9262,18,,,0
4500,'1',552,,9317,1,,,0,70,,9318,18,,,0,29,,9319,18,,,0,69,,9320,18,,,0,30,,9321,18,,,0,70,,9322,18,,,0,30,,9323,18,,,0,70,,9324,18,,,0,31,,9325,18,,,0,70,,9326,18,,,0,30,,9327,18,,,0,70,,9328,18,,,0,30,,9329,18,,,0,70,,9330,18,,,0,30,,9331,18,,,0,70,,9332,18,,,0,30,,9333,18,,,0,70,,9334,18,,,0,30,,9335,18,,,0,70,,9336,18,,,0,29,,9337,18,,,0,70,,9338,18,,,0,30,,9339,18,,,0,70,,9340,18,,,0,30,,9341,18,,,0,93,,9342,18,,,0,103,,9343,18,,,0,100,,9344,18,,,0,100,,9345,18,,,0,100,,9346,18,,,0,100,,9347,18,,,0
4500,'13301',2446,,9348,18,,,0,100,,9349,18,,,0,100,,9350,18,,,0
4500,'2',619,,12231,1,,,0,97,,12230,18,,,0,100,,12229,18,,,0,100,,12228,18,,,0,100,,12227,18,,,0,100,,12221,18,,,0,30,,12232,18,,,0,70,,12233,18,,,0,30,,12234,18,,,0,70,,12235,18,,,0,30,,12236,18,,,0,70,,12237,18,,,0,30,,12238,18,,,0,70,,12239,18,,,0,30,,12240,18,,,0,70,,12241,18,,,0,30,,12242,18,,,0,70,,12243,18,,,0,30,,12244,18,,,0,70,,12245,18,,,0,30,,12246,18,,,0,70,,12247,18,,,0,100,,12226,18,,,0,100,,12225,18,,,0,100,,12224,18,,,0,98,,12223,18,,,0,100,,12222,18,,,0
4500,'3',916,,9363,18,,,0,100,,9362,18,,,0,100,,9351,18,,,0,100,,9361,18,,,0,100,,9360,18,,,0,100,,9359,18,,,0,100,,9358,18,,,0,100,,9357,18,,,0,100,,9356,18,,,0,100,,9355,18,,,0,100,,9354,18,,,0,100,,9353,18,,,0,99,,9352,18,,,0
4600,'1',559,,9411,1,,,0,70,,9412,18,,,0,29,,9413,18,,,0,69,,9414,18,,,0,30,,9415,18,,,0,70,,9416,18,,,0,30,,9417,18,,,0,71,,9418,18,,,0,31,,9419,18,,,0,70,,9420,18,,,0,30,,9421,18,,,0,70,,9422,18,,,0,30,,9423,18,,,0,70,,9424,18,,,0,30,,9425,18,,,0,70,,9426,18,,,0,30,,9427,18,,,0,70,,9428,18,,,0,29,,9429,18,,,0,68,,9430,18,,,0,30,,9431,18,,,0,70,,9432,18,,,0,30,,9433,18,,,0,70,,9434,18,,,0,30,,9435,18,,,0,70,,9436,18,,,0
52901,'14001',749,,10584,3,,,0,80,,10585,3,,,0,80,,10591,3,,,0,520,,10586,3,,,0,80,,10587,3,,,0,40,,10588,3,,,0,80,,10589,3,,,0,80,,10590,3,,,0
54301,'14001',1401,,10597,3,,,0,30,,10598,3,,,0,70,,10599,3,,,0,30,,10600,3,,,0,70,,10601,3,,,0,30,,10602,3,,,0
