100,'1',601,,6213,10,,,0,30,,6214,10,,,0,27,,6215,10,,,0,70,,6216,10,,,0,30,,6217,10,,,0,70,,6218,10,,,0,30,,6219,10,,,0,70,,6220,10,,,0,31,,6221,10,,,0,70,,6222,10,,,0,30,,6223,10,,,0,70,,6224,10,,,0,30,,6225,10,,,0,70,,6226,10,,,0,30,,6227,10,,,0,70,,6228,10,,,0,30,,6229,10,,,0,70,,6230,10,,,0,30,,6231,10,,,0,71,,6232,10,,,0,70,,6233,10,,,0,15,,6234,10,,,0,15,,6235,10,,,0,70,,6236,10,,,0,30,,6237,10,,,0,70,,6238,10,,,0,30,,6239,10,,,0,28,,6240,10,,,0,100,,6241,10,,,0,100,,6242,10,,,0,100,,6243,10,,,0,100,,6244,10,,,0,100,,6245,10,,,0
100,'13301',2458,,6246,10,,,0,100,,6247,10,,,0,100,,6248,10,,,0
100,'2',659,,10632,10,,,0,100,,10633,10,,,0,100,,10634,10,,,0,100,,10635,10,,,0,100,,10636,10,,,0,70,,10637,10,,,0,30,,10638,10,,,0,70,,10639,10,,,0,30,,10640,10,,,0,70,,10641,10,,,0,30,,10642,10,,,0,70,,10643,10,,,0,30,,10644,10,,,0,70,,10645,10,,,0,30,,10646,10,,,0,70,,10647,10,,,0,30,,10648,10,,,0,70,,10649,10,,,0,30,,10650,10,,,0,70,,10651,10,,,0,30,,10652,10,,,0,70,,10653,10,,,0,30,,10658,10,,,0,100,,10654,10,,,0,100,,10655,10,,,0,100,,10656,10,,,0,100,,10657,10,,,0
100,'3',859,,6249,10,,,0,100,,6250,10,,,0,100,,6251,10,,,0,100,,6252,10,,,0,100,,6253,10,,,0,100,,6254,10,,,0,100,,6255,10,,,0,100,,6256,10,,,0,100,,6257,10,,,0,100,,6258,10,,,0,100,,6259,10,,,0,100,,6260,10,,,0,100,,6261,10,,,0
1900,'1',604,,8466,27,,,0,30,,8467,27,,,0,70,,8468,27,,,0,30,,8469,27,,,0,70,,8470,27,,,0,30,,8497,27,,,0,70,,8471,27,,,0,30,,8472,27,,,0,70,,8473,27,,,0,30,,8474,27,,,0,70,,8475,27,,,0,30,,8476,27,,,0,70,,8477,27,,,0,30,,8478,27,,,0,70,,8479,27,,,0,30,,8480,27,,,0,70,,8481,27,,,0,30,,8482,27,,,0,70,,8483,27,,,0,30,,8484,27,,,0,70,,8485,27,,,0,30,,8486,27,,,0,70,,8487,27,,,0,30,,8488,27,,,0,70,,8489,27,,,0,30,,8490,27,,,0,70,,8491,27,,,0,100,,8492,27,,,0,100,,8493,27,,,0,100,,8494,27,,,0,100,,8495,27,,,0,100,,8496,27,,,0
1900,'13301',2505,,8498,27,,,0,100,,8499,27,,,0,100,,8500,27,,,0
1900,'2',704,,11827,27,,,0,100,,11826,27,,,0,100,,11825,27,,,0,100,,11824,27,,,0,100,,11823,27,,,0,30,,11822,27,,,0,70,,11821,27,,,0,30,,11820,27,,,0,70,,11819,27,,,0,30,,11818,27,,,0,70,,11817,27,,,0,30,,11816,27,,,0,70,,11815,27,,,0,30,,11814,27,,,0,70,,11813,27,,,0,30,,11812,27,,,0,70,,11811,27,,,0,30,,11810,27,,,0,70,,11809,27,,,0,30,,11808,27,,,0,70,,11807,27,,,0,100,,11806,27,,,0,100,,11805,27,,,0,100,,11804,27,,,0,100,,11803,27,,,0,100,,11802,27,,,0
1900,'3',904,,8514,27,,,0,100,,8513,27,,,0,100,,8512,27,,,0,100,,8511,27,,,0,100,,8510,27,,,0,100,,8509,27,,,0,100,,8508,27,,,0,100,,8507,27,,,0,100,,8506,27,,,0,100,,8505,27,,,0,100,,8504,27,,,0,100,,8503,27,,,0,100,,8502,27,,,0,43,,8501,16,,,0
31100,'1201',812,,10523,16,,,0
31101,'1201',1547,,10524,26,,,0
