1200,'1',643,,7698,43,4,,0,70,,7699,43,4,,0,30,,7700,43,4,,0,70,,7701,43,4,,0,30,,7702,43,4,,0,70,,7703,43,4,,0,30,,7704,43,4,,0,70,,7705,43,4,,0,30,,7706,43,4,,0,70,,7707,43,4,,0,30,,7708,43,4,,0,70,,7709,43,4,,0,30,,7710,43,4,,0,70,,7711,43,4,,0,30,,7712,43,4,,0,70,,7713,43,4,,0,30,,7714,43,4,,0,70,,7715,43,4,,0,30,,7716,43,4,,0,70,,7717,43,4,,0,30,,7718,43,4,,0,70,,7719,43,4,,0,30,,7720,43,4,,0,70,,7721,43,4,,0,30,,7722,43,4,,0,100,,7723,43,4,,0,100,,7724,43,4,,0,100,,7725,43,4,,0,100,,7726,43,4,,0,100,,7727,43,4,,0,96,,7728,43,4,,0
1200,'13301',2538,,7729,43,4,,0,100,,7730,43,4,,0,100,,7731,43,4,,0
1200,'3',943,,7732,43,4,,0,100,,7733,43,4,,0,100,,7734,43,4,,0,100,,7735,43,4,,0,100,,7736,43,4,,0,100,,7737,43,4,,0,100,,7738,43,4,,0,100,,7739,43,4,,0,100,,7740,43,4,,0,100,,7741,43,4,,0,100,,7742,43,4,,0,100,,7743,43,4,,0,96,,7744,43,4,,0
1201,'1',547,,7775,1,,,0,70,,7776,1,,,0,30,,7745,1,,,0,70,,7746,1,,,0,30,,7747,1,,,0,70,,7748,1,,,0,30,,7749,1,,,0,70,,7750,1,,,0,30,,7751,1,,,0,70,,7752,1,,,0,30,,7753,1,,,0,70,,7754,1,,,0,30,,7755,1,,,0,70,,7756,1,,,0,30,,7757,1,,,0,70,,7758,1,,,0,30,,7759,1,,,0,70,,7760,1,,,0,30,,7761,1,,,0,70,,7762,1,,,0,30,,7763,1,,,0,70,,7764,1,,,0,30,,7765,1,,,0,70,,7766,1,,,0,30,,7767,1,,,0,70,,7768,1,,,0,32,,7769,1,,,0,100,,7770,1,,,0,100,,7771,1,,,0,100,,7772,1,,,0,100,,7773,1,,,0,100,,7774,1,,,0
1201,'13301',2449,,7777,1,,,0,100,,7778,1,,,0,100,,7779,1,,,0
1201,'3',849,,7780,1,,,0,100,,7781,1,,,0,100,,7782,1,,,0,100,,7783,1,,,0,100,,7784,1,,,0,100,,7785,1,,,0,100,,7786,1,,,0,100,,7787,1,,,0,100,,7788,1,,,0,100,,7789,1,,,0,100,,7790,1,,,0,100,,7791,1,,,0,100,,7792,1,,,0
1700,'1',646,,8083,1,0,7,0,60,,8084,1,0,7,0,20,,8085,1,0,7,0,20,,8086,1,0,7,0,60,,8087,1,0,7,0,20,,8088,1,0,7,0,20,,8089,1,0,7,0,60,,8090,1,0,7,0,20,,8117,1,0,7,0,75,,8118,1,0,7,0,35,,8119,1,0,7,0,70,,8120,1,0,7,0,30,,8121,1,0,7,0,70,,8122,1,0,7,0,30,,8123,1,0,7,0,70,,8124,1,0,7,0,30,,8125,1,0,7,0,75,,8126,1,0,7,0,23,,8127,1,0,7,0,20,,8163,1,0,7,0,57,,8091,1,0,7,0,18,,8092,1,0,7,0,20,,8093,1,0,7,0,60,,8094,1,0,7,0,20,,8095,1,0,7,0,20,,8096,1,0,7,0,60,,8097,1,0,7,0,20,,8098,1,0,7,0,20,,8099,1,0,7,0,60,,8139,1,0,7,0,20,,8140,1,0,7,0,29,,8141,1,0,7,0,85,,8144,1,0,7,0,85,,8145,1,0,7,0,85,,8146,1,0,7,0,45,,8147,1,0,7,0,85,,8148,1,0,7,0,85,,8149,1,0,7,0,84,,8165,1,0,7,0
1700,'13301',2458,,8167,1,0,7,0,85,,8168,1,0,7,0,85,,8169,1,0,7,0,85,,8170,1,0,7,0
1700,'3',845,,8190,1,0,7,0,85,,8191,1,0,7,0,85,,8192,1,0,7,0,85,,8193,1,0,7,0,45,,8194,1,0,7,0,85,,8195,1,0,7,0,85,,8223,1,0,7,0,85,,8196,1,0,7,0,45,,8197,1,0,7,0,85,,8198,1,0,7,0,85,,8199,1,0,7,0,85,,8200,1,0,7,0,45,,8201,1,0,7,0,85,,8202,1,0,7,0,85,,8203,1,0,7,0,85,,8204,1,0,7,0,45,,8205,1,0,7,0
1701,'1',640,,8266,7,4,,0,60,,8267,7,4,,0,20,,8268,7,4,,0,20,,8269,7,4,,0,60,,8270,7,4,,0,20,,8271,7,4,,0,20,,8272,7,4,,0,60,,8273,7,4,,0,20,,8274,7,4,,0,20,,8275,7,4,,0,17,,8276,7,4,,0,75,,8292,7,4,,0,25,,8277,7,4,,0,70,,8278,7,4,,0,75,,8279,7,4,,0,30,,8280,7,4,,0,70,,8281,7,4,,0,30,,8293,7,4,,0,70,,8294,7,4,,0,30,,8295,7,4,,0,70,,8296,7,4,,0,18,,8297,7,4,,0,23,,8298,7,4,,0,60,,8300,7,4,,0,20,,8299,7,4,,0,20,,8301,7,4,,0,60,,8302,7,4,,0,20,,8303,7,4,,0,20,,8304,7,4,,0,60,,8305,7,4,,0,20,,8306,7,4,,0,20,,8283,7,4,,0,60,,8284,7,4,,0,34,,8285,7,4,,0,85,,8286,7,4,,0,85,,8287,7,4,,0,45,,8288,7,4,,0,85,,8289,7,4,,0,85,,8290,7,4,,0,85,,8291,7,4,,0
1701,'13301',2537,,8311,7,4,,0,85,,8312,7,4,,0,85,,8313,7,4,,0,45,,8314,7,4,,0
1701,'3',926,,8348,7,4,,0,85,,8349,7,4,,0,45,,8350,7,4,,0,85,,8351,7,4,,0,85,,8352,7,4,,0,85,,8353,7,4,,0,45,,8354,7,4,,0,85,,8355,7,4,,0,85,,8356,7,4,,0,85,,8357,7,4,,0,45,,8358,7,4,,0,85,,8359,7,4,,0,85,,8360,7,4,,0,85,,8361,7,4,,0,45,,8362,7,4,,0,85,,8363,7,4,,0,85,,8364,7,4,,0
3000,'1',606,,8876,27,4,,0,37,,8878,27,4,,0,78,,8880,27,4,,0,82,,8898,27,4,,0,40,,8899,27,4,,0,80,,8900,27,4,,0,81,,8901,27,4,,0,40,,8902,27,4,,0,80,,8903,27,4,,0,80,,8904,27,4,,0,40,,8905,27,4,,0,80,,8906,27,4,,0,80,,8907,27,4,,0,40,,8908,27,4,,0,82,,8909,27,4,,0,82,,8910,27,4,,0,40,,8911,27,4,,0,80,,8912,27,4,,0,80,,8913,27,4,,0,40,,8914,27,4,,0,78,,8864,27,4,,0,93,,8865,27,4,,0,100,,8866,27,4,,0,100,,8867,27,4,,0,100,,8868,27,4,,0,101,,8869,27,4,,0
3000,'13301',2520,,8915,27,4,,0,100,,8916,27,4,,0,100,,8917,27,4,,0
3000,'3',825,,8921,27,4,,0,100,,8922,27,4,,0,100,,8923,27,4,,0,100,,8924,27,4,,0,100,,8925,27,4,,0,100,,8926,27,4,,0,100,,8927,27,4,,0,100,,8928,27,4,,0,100,,8929,27,4,,0,100,,8930,27,4,,0,100,,8931,27,4,,0,100,,8932,27,4,,0,100,,8933,27,4,,0,100,,8947,27,4,,0
3001,'1',606,,8954,1,,,0,37,,8955,1,,,0,80,,8956,1,,,0,80,,8957,1,,,0,40,,8958,1,,,0,83,,8959,1,,,0,78,,8960,1,,,0,40,,8961,1,,,0,80,,8962,1,,,0,80,,8963,1,,,0,40,,8964,1,,,0,80,,8965,1,,,0,80,,8966,1,,,0,40,,8967,1,,,0,82,,8968,1,,,0,82,,8969,1,,,0,40,,8970,1,,,0,80,,8971,1,,,0,80,,8972,1,,,0,40,,8973,1,,,0,78,,8948,1,,,0,95,,8949,1,,,0,100,,8950,1,,,0,100,,8951,1,,,0,100,,8952,1,,,0,101,,8953,1,,,0
3001,'13301',2522,,8974,1,,,0,100,,8975,1,,,0,100,,8976,1,,,0
3001,'3',827,,8977,1,,,0,100,,8978,1,,,0,100,,8979,1,,,0,100,,8980,1,,,0,100,,8981,1,,,0,100,,8982,1,,,0,100,,8983,1,,,0,100,,8984,1,,,0,100,,8985,1,,,0,100,,8986,1,,,0,100,,8987,1,,,0,100,,8988,1,,,0,100,,8989,1,,,0,100,,8990,1,,,0
3500,'1',547,,9003,27,4,,0,80,,9004,27,4,,0,73,,9005,27,4,,0,43,,9006,27,4,,0,80,,9007,27,4,,0,80,,9008,27,4,,0,40,,9009,27,4,,0,83,,9010,27,4,,0,80,,9011,27,4,,0,40,,9012,27,4,,0,80,,9013,27,4,,0,80,,9014,27,4,,0,40,,9015,27,4,,0,80,,9016,27,4,,0,80,,9017,27,4,,0,43,,9018,27,4,,0,80,,9019,27,4,,0,80,,9020,27,4,,0,40,,9021,27,4,,0,80,,9022,27,4,,0,77,,9042,27,4,,0,43,,8991,27,4,,0,100,,8992,27,4,,0,100,,8993,27,4,,0,100,,8994,27,4,,0,100,,8995,27,4,,0,101,,9002,27,4,,0
3500,'13301',2550,,9046,27,4,,0,100,,9047,27,4,,0
3500,'3',855,,9048,27,4,,0,100,,9049,27,4,,0,100,,9050,27,4,,0,100,,9051,27,4,,0,100,,9052,27,4,,0,100,,9053,27,4,,0,100,,9054,27,4,,0,100,,9055,27,4,,0,100,,9056,27,4,,0,100,,9057,27,4,,0,100,,9058,27,4,,0,100,,9069,27,4,,0,100,,9070,27,4,,0,93,,9074,27,4,,0
3501,'1',547,,9081,1,,,0,80,,9082,1,,,0,73,,9083,1,,,0,43,,9084,1,,,0,80,,9085,1,,,0,80,,9086,1,,,0,40,,9087,1,,,0,83,,9088,1,,,0,80,,9089,1,,,0,40,,9090,1,,,0,80,,9091,1,,,0,80,,9092,1,,,0,40,,9093,1,,,0,80,,9094,1,,,0,80,,9095,1,,,0,43,,9096,1,,,0,80,,9097,1,,,0,80,,9098,1,,,0,40,,9099,1,,,0,80,,9075,1,,,0,77,,9100,1,,,0,45,,9076,1,,,0,100,,9077,1,,,0,100,,9078,1,,,0,100,,9079,1,,,0,100,,9080,1,,,0
3501,'13301',2451,,9101,1,,,0,100,,9102,1,,,0,100,,9103,1,,,0
3501,'3',858,,9104,1,,,0,100,,9105,1,,,0,100,,9106,1,,,0,100,,9107,1,,,0,100,,9108,1,,,0,100,,9109,1,,,0,100,,9110,1,,,0,100,,9111,1,,,0,100,,9112,1,,,0,100,,9113,1,,,0,100,,9114,1,,,0,100,,9115,1,,,0,100,,9116,1,,,0
