100,'1',601,,6213,11,,,0,30,,6214,11,,,0,27,,6215,11,,,0,70,,6216,11,,,0,30,,6217,11,,,0,70,,6218,11,,,0,30,,6219,11,,,0,70,,6220,11,,,0,31,,6221,11,,,0,70,,6222,11,,,0,30,,6223,11,,,0,70,,6224,11,,,0,30,,6225,11,,,0,70,,6226,11,,,0,30,,6227,11,,,0,70,,6228,11,,,0,30,,6229,11,,,0,70,,6230,11,,,0,30,,6231,11,,,0,71,,6232,11,,,0,70,,6233,11,,,0,15,,6234,11,,,0,15,,6235,11,,,0,70,,6236,11,,,0,30,,6237,11,,,0,70,,6238,11,,,0,30,,6239,11,,,0,28,,6240,11,,,0,100,,6241,11,,,0,100,,6242,11,,,0,100,,6243,11,,,0,100,,6244,11,,,0,100,,6245,11,,,0
100,'13301',2458,,6246,11,,,0,100,,6247,11,,,0,100,,6248,11,,,0
100,'2',659,,10632,11,,,0,100,,10633,11,,,0,100,,10634,11,,,0,100,,10635,11,,,0,100,,10636,11,,,0,70,,10637,11,,,0,30,,10638,11,,,0,70,,10639,11,,,0,30,,10640,11,,,0,70,,10641,11,,,0,30,,10642,11,,,0,70,,10643,11,,,0,30,,10644,11,,,0,70,,10645,11,,,0,30,,10646,11,,,0,70,,10647,11,,,0,30,,10648,11,,,0,70,,10649,11,,,0,30,,10650,11,,,0,70,,10651,11,,,0,30,,10652,11,,,0,70,,10653,11,,,0,30,,10658,11,,,0,100,,10654,11,,,0,100,,10655,11,,,0,100,,10656,11,,,0,100,,10657,11,,,0
100,'3',859,,6249,11,,,0,100,,6250,11,,,0,100,,6251,11,,,0,100,,6252,11,,,0,100,,6253,11,,,0,100,,6254,11,,,0,100,,6255,11,,,0,100,,6256,11,,,0,100,,6257,11,,,0,100,,6258,11,,,0,100,,6259,11,,,0,100,,6260,11,,,0,100,,6261,11,,,0
1900,'1',604,,8466,28,,,0,30,,8467,28,,,0,70,,8468,28,,,0,30,,8469,28,,,0,70,,8470,28,,,0,30,,8497,28,,,0,70,,8471,28,,,0,30,,8472,28,,,0,70,,8473,28,,,0,30,,8474,28,,,0,70,,8475,28,,,0,30,,8476,28,,,0,70,,8477,28,,,0,30,,8478,28,,,0,70,,8479,28,,,0,30,,8480,28,,,0,70,,8481,28,,,0,30,,8482,28,,,0,70,,8483,28,,,0,30,,8484,28,,,0,70,,8485,28,,,0,30,,8486,28,,,0,70,,8487,28,,,0,30,,8488,28,,,0,70,,8489,28,,,0,30,,8490,28,,,0,70,,8491,28,,,0,100,,8492,28,,,0,100,,8493,28,,,0,100,,8494,28,,,0,100,,8495,28,,,0,100,,8496,28,,,0
1900,'13301',2505,,8498,28,,,0,100,,8499,28,,,0,100,,8500,28,,,0
1900,'2',704,,11827,28,,,0,100,,11826,28,,,0,100,,11825,28,,,0,100,,11824,28,,,0,100,,11823,28,,,0,30,,11822,28,,,0,70,,11821,28,,,0,30,,11820,28,,,0,70,,11819,28,,,0,30,,11818,28,,,0,70,,11817,28,,,0,30,,11816,28,,,0,70,,11815,28,,,0,30,,11814,28,,,0,70,,11813,28,,,0,30,,11812,28,,,0,70,,11811,28,,,0,30,,11810,28,,,0,70,,11809,28,,,0,30,,11808,28,,,0,70,,11807,28,,,0,100,,11806,28,,,0,100,,11805,28,,,0,100,,11804,28,,,0,100,,11803,28,,,0,100,,11802,28,,,0
1900,'3',904,,8514,28,,,0,100,,8513,28,,,0,100,,8512,28,,,0,100,,8511,28,,,0,100,,8510,28,,,0,100,,8509,28,,,0,100,,8508,28,,,0,100,,8507,28,,,0,100,,8506,28,,,0,100,,8505,28,,,0,100,,8504,28,,,0,100,,8503,28,,,0,100,,8502,28,,,0,43,,8501,17,,,0
31100,'1201',813,,10523,17,,,0
31101,'1201',1548,,10524,27,,,0
