6001,'1',616,,9708,2,,,0,30,,9732,2,,,0,63,,9740,2,,,0,7,,9731,2,,,0,23,,9741,2,,,0,7,,9730,2,,,0,63,,9742,2,,,0,7,,9729,2,,,0,30,,9728,2,,,0,70,,9727,2,,,0,30,,9726,2,,,0,70,,9725,2,,,0,30,,9724,2,,,0,70,,9723,2,,,0,30,,9722,2,,,0,70,,9721,2,,,0,30,,9720,2,,,0,70,,9719,2,,,0,30,,9718,2,,,0,70,,9717,2,,,0,30,,9716,2,,,0,70,,9715,2,,,0,30,,9714,2,,,0,70,,9713,2,,,0,23,,9743,3,,,0,7,,9712,2,,,0,8,,9744,3,,,0,62,,9738,2,,,0,30,,9739,2,,,0,70,,9711,2,,,0,100,,9710,2,,,0,100,,9733,2,,,0,100,,9734,2,,,0,100,,9735,2,,,0,100,,9736,2,,,0,101,,9737,2,,,0
6001,'1201',1554,,9746,3,,,0,55,,9745,3,,,0
6001,'12801',1554,,9747,3,,,0,55,,9748,3,,,0
6001,'13301',2516,,9749,2,,,0,100,,9750,2,,,0,100,,9751,2,,,0
6001,'2',716,,12418,2,,,0,100,,12410,2,,,0,100,,12409,2,,,0,100,,12408,2,,,0,100,,12407,2,,,0,30,,12406,2,,,0,70,,12405,2,,,0,30,,12404,2,,,0,70,,12403,2,,,0,30,,12402,2,,,0,70,,12401,2,,,0,30,,12400,2,,,0,70,,12399,2,,,0,30,,12398,2,,,0,70,,12397,2,,,0,30,,12396,2,,,0,70,,12416,2,,,0,30,,12417,2,,,0,70,,12395,2,,,0,100,,12394,2,,,0,100,,12411,2,,,0,100,,12412,2,,,0,100,,12413,2,,,0,100,,12414,2,,,0,101,,12415,2,,,0
6001,'3',916,,9762,2,,,0,100,,9761,2,,,0,100,,9760,2,,,0,100,,9759,2,,,0,100,,9758,2,,,0,100,,9757,2,,,0,100,,9756,2,,,0,100,,9755,2,,,0,100,,9765,2,,,0,100,,9754,2,,,0,100,,9753,2,,,0,100,,9763,2,,,0,101,,9764,2,,,0
6501,'1',631,,10167,2,,,0,70,,10166,2,,,0,30,,10165,2,,,0,70,,10164,2,,,0,30,,10163,2,,,0,70,,10162,2,,,0,30,,10161,2,,,0,70,,10160,2,,,0,30,,10159,2,,,0,70,,10158,2,,,0,30,,10157,2,,,0,70,,10156,2,,,0,30,,10155,2,,,0,70,,10154,2,,,0,30,,10153,2,,,0,70,,10152,2,,,0,30,,10151,2,,,0,70,,10150,2,,,0,30,,10149,2,,,0,70,,10148,2,,,0,30,,10147,2,,,0,70,,10146,2,,,0,30,,10145,2,,,0,70,,10144,2,,,0,30,,10143,2,,,0,15,,10135,2,,,0,100,,10142,2,,,0,100,,10141,2,,,0,100,,10140,2,,,0,100,,10139,2,,,0,101,,10138,2,,,0
6501,'13301',2446,,10168,2,,,0,100,,10169,2,,,0,100,,10170,2,,,0
6501,'2',646,,12638,2,,,0,100,,12637,2,,,0,100,,12636,2,,,0,100,,12635,2,,,0,100,,12634,2,,,0,55,,12633,2,,,0,30,,12632,2,,,0,70,,12631,2,,,0,30,,12630,2,,,0,70,,12629,2,,,0,30,,12628,2,,,0,70,,12627,2,,,0,30,,12626,2,,,0,70,,12625,2,,,0,30,,12624,2,,,0,70,,12623,2,,,0,30,,12622,2,,,0,70,,12621,2,,,0,30,,12620,2,,,0,70,,12619,2,,,0,30,,12618,2,,,0,15,,12610,2,,,0,100,,12617,2,,,0,100,,12616,2,,,0,100,,12615,2,,,0,100,,12614,2,,,0,101,,12613,2,,,0
6501,'3',846,,10176,2,,,0,100,,10175,2,,,0,100,,10174,2,,,0,100,,10177,2,,,0,100,,10178,2,,,0,100,,10179,2,,,0,100,,10180,2,,,0,100,,10181,2,,,0,100,,10182,2,,,0,100,,10183,2,,,0,100,,10171,2,,,0,100,,10173,2,,,0,101,,10172,2,,,0
