200,'1',639,,6312,27,4,,0,20,,6313,27,4,,0,60,,6314,27,4,,0,20,,6315,27,4,,0,20,,6316,27,4,,0,60,,6317,27,4,,0,20,,6318,27,4,,0,20,,6319,27,4,,0,60,,6320,27,4,,0,20,,6321,27,4,,0,20,,6322,27,4,,0,60,,6323,27,4,,0,20,,6324,27,4,,0,20,,6325,27,4,,0,60,,6326,27,4,,0,20,,6327,27,4,,0,20,,6328,27,4,,0,60,,6329,27,4,,0,20,,6330,27,4,,0,20,,6331,27,4,,0,60,,6332,27,4,,0,20,,6333,27,4,,0,20,,6334,27,4,,0,60,,6335,27,4,,0,20,,6336,27,4,,0,20,,6337,27,4,,0,60,,6338,27,4,,0,20,,6339,27,4,,0,20,,6340,27,4,,0,55,,6341,27,4,,0,15,,6342,27,4,,0,15,,6343,27,4,,0,15,,6344,27,4,,0,55,,6345,27,4,,0,15,,6346,27,4,,0,15,,6347,27,4,,0,15,,6348,27,4,,0,55,,6349,27,4,,0,15,,6350,27,4,,0,15,,6351,27,4,,0,70,,6352,27,4,,0,30,,6353,27,4,,0,70,,6354,27,4,,0,30,,6355,27,4,,0,70,,6356,27,4,,0,30,,6357,27,4,,0,70,,6358,27,4,,0,30,,6359,27,4,,0,70,,6360,27,4,,0,30,,6361,27,4,,0,70,,6362,27,4,,0,26,,6363,27,4,,0
200,'13301',2454,,6364,27,4,,0,70,,6365,27,4,,0,30,,6366,27,4,,0,70,,6367,27,4,,0,30,,6368,27,4,,0,70,,6369,27,4,,0,30,,6370,27,4,,0
200,'2',714,,10691,27,4,,0,30,,10707,27,4,,0,70,,10690,27,4,,0,30,,10706,27,4,,0,70,,10689,27,4,,0,30,,10705,27,4,,0,70,,10688,27,4,,0,27,,10704,27,4,,0,73,,10687,27,4,,0,25,,10708,27,4,,0,20,,10709,27,4,,0,60,,10710,27,4,,0,20,,10711,27,4,,0,20,,10712,27,4,,0,60,,10713,27,4,,0,20,,10714,27,4,,0,20,,10715,27,4,,0,60,,10716,27,4,,0,20,,10717,27,4,,0,20,,10718,27,4,,0,60,,10719,27,4,,0,20,,10720,27,4,,0,20,,10721,27,4,,0,60,,10722,27,4,,0,20,,10723,27,4,,0,20,,10724,27,4,,0,60,,10725,27,4,,0,20,,10726,27,4,,0,20,,10727,27,4,,0,59,,10728,27,4,,0,26,,10729,27,4,,0,70,,10697,27,4,,0,30,,10703,27,4,,0,70,,10696,27,4,,0,30,,10702,27,4,,0,70,,10695,27,4,,0,30,,10701,27,4,,0,70,,10694,27,4,,0,30,,10700,27,4,,0,70,,10693,27,4,,0,30,,10699,27,4,,0,70,,10692,27,4,,0,26,,10698,27,4,,0
200,'3',914,,6373,27,4,,0,30,,6396,27,4,,0,70,,6372,27,4,,0,30,,6395,27,4,,0,70,,6371,27,4,,0,30,,6394,27,4,,0,70,,6393,27,4,,0,30,,6392,27,4,,0,70,,6391,27,4,,0,30,,6390,27,4,,0,70,,6389,27,4,,0,30,,6388,27,4,,0,70,,6387,27,4,,0,30,,6386,27,4,,0,70,,6385,27,4,,0,30,,6384,27,4,,0,70,,6383,27,4,,0,30,,6382,27,4,,0,70,,6381,27,4,,0,30,,6380,27,4,,0,70,,6376,27,4,,0,30,,6379,27,4,,0,70,,6375,27,4,,0,30,,6378,27,4,,0,70,,6374,27,4,,0,26,,6377,27,4,,0
201,'1',601,,6397,1,,,0,20,,6398,1,,,0,20,,6399,1,,,0,60,,6400,1,,,0,20,,6401,1,,,0,20,,6402,1,,,0,60,,6403,1,,,0,20,,6404,1,,,0,20,,6405,1,,,0,60,,6406,1,,,0,20,,6407,1,,,0,20,,6408,1,,,0,60,,6409,1,,,0,20,,6410,1,,,0,20,,6411,1,,,0,60,,6412,1,,,0,20,,6413,1,,,0,20,,6414,1,,,0,60,,6415,1,,,0,20,,6416,1,,,0,20,,6417,1,,,0,60,,6418,1,,,0,20,,6419,1,,,0,20,,6420,1,,,0,60,,6421,1,,,0,20,,6422,1,,,0,20,,6423,1,,,0,60,,6424,1,,,0,20,,6434,1,,,0,20,,6425,1,,,0,60,,6426,1,,,0,15,,6427,1,,,0,15,,6428,1,,,0,15,,6429,1,,,0,55,,6430,1,,,0,15,,6431,1,,,0,15,,6432,1,,,0,15,,6433,1,,,0,55,,6435,1,,,0,15,,6448,1,,,0,15,,6436,1,,,0,15,,6437,1,,,0,70,,6438,1,,,0,30,,6439,1,,,0,70,,6440,1,,,0,30,,6441,1,,,0,70,,6442,1,,,0,30,,6443,1,,,0,70,,6444,1,,,0,30,,6445,1,,,0,70,,6446,1,,,0,30,,6447,1,,,0
201,'13301',2431,,6449,1,,,0,70,,6450,1,,,0,30,,6451,1,,,0,70,,6452,1,,,0,30,,6453,1,,,0,70,,6454,1,,,0,30,,6455,1,,,0
201,'2',618,,10730,1,,,0,30,,10743,1,,,0,70,,10744,1,,,0,30,,10745,1,,,0,70,,10746,1,,,0,30,,10747,1,,,0,70,,10748,1,,,0,30,,10749,1,,,0,70,,10750,1,,,0,23,,10751,1,,,0,80,,10752,1,,,0,20,,10753,1,,,0,60,,10754,1,,,0,20,,10755,1,,,0,20,,10756,1,,,0,60,,10757,1,,,0,20,,10758,1,,,0,20,,10759,1,,,0,60,,10760,1,,,0,20,,10761,1,,,0,20,,10762,1,,,0,60,,10763,1,,,0,20,,10764,1,,,0,20,,10765,1,,,0,60,,10766,1,,,0,20,,10767,1,,,0,20,,10768,1,,,0,60,,10769,1,,,0,20,,10770,1,,,0,20,,10771,1,,,0,60,,10772,1,,,0,17,,10773,1,,,0,30,,10742,1,,,0,70,,10736,1,,,0,30,,10741,1,,,0,70,,10735,1,,,0,30,,10740,1,,,0,70,,10734,1,,,0,30,,10739,1,,,0,70,,10733,1,,,0,30,,10738,1,,,0,70,,10732,1,,,0,30,,10737,1,,,0,66,,10731,1,,,0
201,'3',848,,6481,1,,,0,70,,6457,1,,,0,30,,6480,1,,,0,70,,6456,1,,,0,30,,6479,1,,,0,70,,6478,1,,,0,30,,6477,1,,,0,70,,6476,1,,,0,30,,6475,1,,,0,70,,6474,1,,,0,30,,6473,1,,,0,70,,6472,1,,,0,30,,6471,1,,,0,70,,6470,1,,,0,30,,6469,1,,,0,70,,6468,1,,,0,30,,6467,1,,,0,70,,6466,1,,,0,30,,6465,1,,,0,70,,6464,1,,,0,30,,6463,1,,,0,70,,6460,1,,,0,30,,6462,1,,,0,70,,6459,1,,,0,30,,6461,1,,,0,66,,6458,1,,,0
500,'1',708,,6748,26,4,,0,30,,6749,26,4,,0,70,,6750,26,4,,0,30,,6751,26,4,,0,70,,6752,26,4,,0,30,,6753,26,4,,0,70,,6754,26,4,,0,30,,6755,26,4,,0,70,,6756,26,4,,0,30,,6757,26,4,,0,70,,6758,26,4,,0,30,,6759,26,4,,0,70,,6760,26,4,,0,30,,6761,26,4,,0,70,,6762,26,4,,0,30,,6763,26,4,,0,70,,6764,26,4,,0,30,,6765,26,4,,0,70,,6766,26,4,,0,30,,6767,26,4,,0,70,,6768,26,4,,0,30,,6769,26,4,,0,70,,6770,26,4,,0,30,,6771,26,4,,0
501,'1',604,,6865,1,,,0,30,,6840,1,,,0,70,,6841,1,,,0,30,,6842,1,,,0,70,,6843,1,,,0,30,,6844,1,,,0,70,,6845,1,,,0,30,,6846,1,,,0,70,,6847,1,,,0,30,,6848,1,,,0,70,,6849,1,,,0,30,,6850,1,,,0,70,,6851,1,,,0,30,,6852,1,,,0,70,,6853,1,,,0,30,,6854,1,,,0,70,,6855,1,,,0,30,,6856,1,,,0,70,,6857,1,,,0,30,,6858,1,,,0,70,,6859,1,,,0,30,,6860,1,,,0,70,,6861,1,,,0,30,,6862,1,,,0,70,,6863,1,,,0,30,,6864,1,,,0,119,,6871,1,,,0,100,,6872,1,,,0,100,,6873,1,,,0,100,,6874,1,,,0,100,,6875,1,,,0
501,'13301',2453,,6877,1,,,0,100,,6878,1,,,0,100,,6879,1,,,0
501,'2',653,,10989,1,,,0,100,,10987,1,,,0,100,,10985,1,,,0,100,,10983,1,,,0,150,,10981,1,,,0,30,,10980,1,,,0,70,,10979,1,,,0,30,,10978,1,,,0,70,,10977,1,,,0,30,,10976,1,,,0,70,,10975,1,,,0,30,,10974,1,,,0,70,,10973,1,,,0,30,,10972,1,,,0,70,,10971,1,,,0,30,,10970,1,,,0,70,,10969,1,,,0,30,,10968,1,,,0,70,,10967,1,,,0,30,,10966,1,,,0,120,,10965,1,,,0,100,,10964,1,,,0,100,,10963,1,,,0,100,,10962,1,,,0,100,,10961,1,,,0
501,'3',853,,6907,1,,,0,100,,6905,1,,,0,100,,6903,1,,,0,100,,6901,1,,,0,100,,6899,1,,,0,100,,6897,1,,,0,100,,6895,1,,,0,100,,6893,1,,,0,100,,6891,1,,,0,100,,6889,1,,,0,100,,6888,1,,,0,100,,6887,1,,,0,100,,6886,1,,,0
700,'1',648,,7035,38,4,,0,70,,7005,38,4,,0,32,,7006,38,4,,0,70,,7007,38,4,,0,30,,7008,38,4,,0,70,,7009,38,4,,0,30,,7010,38,4,,0,70,,7011,38,4,,0,30,,7012,38,4,,0,70,,7013,38,4,,0,30,,7014,38,4,,0,70,,7015,38,4,,0,30,,7016,38,4,,0,70,,7017,38,4,,0,30,,7018,38,4,,0,70,,7019,38,4,,0,30,,7020,38,4,,0,70,,7021,38,4,,0,31,,7022,38,4,,0,70,,7023,38,4,,0,30,,7024,38,4,,0,70,,7025,38,4,,0,30,,7026,38,4,,0,70,,7027,38,4,,0,30,,7028,38,4,,0,98,,7029,38,4,,0,100,,7030,38,4,,0,100,,7031,38,4,,0,100,,7032,38,4,,0,97,,7033,38,4,,0,101,,7034,38,4,,0
700,'13301',2547,,7036,38,4,,0,100,,7037,38,4,,0,100,,7038,38,4,,0
700,'2',751,,11043,38,4,,0,100,,11044,38,4,,0,100,,11045,38,4,,0,100,,11046,38,4,,0,100,,11047,38,4,,0,70,,11048,38,4,,0,30,,11049,38,4,,0,70,,11050,38,4,,0,30,,11051,38,4,,0,70,,11052,38,4,,0,30,,11053,38,4,,0,70,,11054,38,4,,0,31,,11055,38,4,,0,70,,11056,38,4,,0,30,,11057,38,4,,0,70,,11058,38,4,,0,30,,11059,38,4,,0,70,,11060,38,4,,0,30,,11061,38,4,,0,100,,11062,38,4,,0,100,,11063,38,4,,0,100,,11064,38,4,,0,100,,11065,38,4,,0,96,,11066,38,4,,0,99,,11067,38,4,,0
700,'3',951,,7039,38,4,,0,100,,7040,38,4,,0,100,,7041,38,4,,0,100,,7042,38,4,,0,100,,7043,38,4,,0,100,,7044,38,4,,0,100,,7045,38,4,,0,100,,7046,38,4,,0,100,,7047,38,4,,0,100,,7048,38,4,,0,100,,7049,38,4,,0,97,,7050,38,4,,0,101,,7051,38,4,,0
701,'1',552,,7083,1,,,0,70,,7082,1,,,0,30,,7081,1,,,0,70,,7080,1,,,0,30,,7079,1,,,0,70,,7078,1,,,0,30,,7077,1,,,0,70,,7076,1,,,0,30,,7075,1,,,0,70,,7074,1,,,0,30,,7073,1,,,0,70,,7072,1,,,0,30,,7071,1,,,0,70,,7070,1,,,0,30,,7069,1,,,0,70,,7068,1,,,0,30,,7067,1,,,0,70,,7066,1,,,0,30,,7065,1,,,0,70,,7064,1,,,0,30,,7063,1,,,0,70,,7062,1,,,0,30,,7061,1,,,0,70,,7060,1,,,0,30,,7059,1,,,0,70,,7058,1,,,0,30,,7057,1,,,0,100,,7056,1,,,0,100,,7055,1,,,0,100,,7054,1,,,0,100,,7053,1,,,0,94,,7052,1,,,0
701,'13301',2452,,7084,1,,,0,100,,7085,1,,,0,100,,7086,1,,,0
701,'2',652,,11093,1,,,0,100,,11092,1,,,0,100,,11091,1,,,0,100,,11090,1,,,0,100,,11089,1,,,0,70,,11088,1,,,0,30,,11087,1,,,0,70,,11086,1,,,0,30,,11085,1,,,0,70,,11084,1,,,0,30,,11083,1,,,0,70,,11082,1,,,0,30,,11081,1,,,0,70,,11080,1,,,0,30,,11079,1,,,0,70,,11078,1,,,0,30,,11077,1,,,0,70,,11076,1,,,0,30,,11075,1,,,0,70,,11074,1,,,0,30,,11073,1,,,0,100,,11072,1,,,0,100,,11071,1,,,0,100,,11070,1,,,0,100,,11069,1,,,0,96,,11068,1,,,0
701,'3',852,,7099,1,,,0,100,,7098,1,,,0,100,,7097,1,,,0,100,,7096,1,,,0,100,,7095,1,,,0,100,,7094,1,,,0,100,,7093,1,,,0,100,,7092,1,,,0,100,,7091,1,,,0,100,,7090,1,,,0,100,,7089,1,,,0,100,,7088,1,,,0,96,,7087,1,,,0
900,'1',608,,7395,24,4,,0,30,,7370,24,4,,0,1267,,7394,46,4,,0,100,,7396,46,4,,0,100,,7397,46,4,,0,100,,7398,46,4,,0,100,,7399,46,4,,0,100,,7400,46,4,,0
900,'13301',2504,,7402,46,4,,0,100,,7403,46,4,,0,100,,7404,46,4,,0,100,,7405,46,4,,0
900,'2',705,,11235,13,4,,0,100,,11254,46,4,,0,100,,11253,46,4,,0,100,,11252,46,4,,0,100,,11251,46,4,,0,30,,11250,46,4,,0,70,,11249,46,4,,0,30,,11248,46,4,,0,70,,11247,46,4,,0,30,,11246,46,4,,0,70,,11245,46,4,,0,30,,11244,46,4,,0,70,,11243,46,4,,0,33,,11242,46,4,,0,70,,11241,46,4,,0,30,,11240,46,4,,0,70,,11239,46,4,,0,30,,11238,46,4,,0,70,,11237,46,4,,0,30,,11236,46,4,,0,67,,11234,46,4,,0,100,,11233,46,4,,0,100,,11232,46,4,,0,100,,11231,46,4,,0,100,,11230,46,4,,0,100,,11229,46,4,,0
900,'3',905,,7409,46,4,,0,100,,7418,46,4,,0,100,,7417,46,4,,0,100,,7416,46,4,,0,100,,7415,46,4,,0,100,,7414,46,4,,0,100,,7413,46,4,,0,100,,7412,46,4,,0,100,,7411,46,4,,0,100,,7410,46,4,,0,100,,7408,46,4,,0,100,,7407,46,4,,0,100,,7406,46,4,,0
901,'1',608,,7426,1,,,0,30,,7427,1,,,0,70,,7428,1,,,0,30,,7429,1,,,0,70,,7430,1,,,0,30,,7431,1,,,0,70,,7432,1,,,0,30,,7439,1,,,0,70,,7433,1,,,0,30,,7440,1,,,0,70,,7434,1,,,0,30,,7441,1,,,0,70,,7435,1,,,0,30,,7442,1,,,0,70,,7436,1,,,0,30,,7443,1,,,0,70,,7437,1,,,0,30,,7444,1,,,0,70,,7438,1,,,0,30,,7445,1,,,0,70,,7448,1,,,0,30,,7446,1,,,0,70,,7449,1,,,0,30,,7447,1,,,0,70,,7450,1,,,0,30,,7451,1,,,0,70,,7419,1,,,0,100,,7420,1,,,0,100,,7421,1,,,0,100,,7422,1,,,0,100,,7423,1,,,0,100,,7424,1,0,16,0
901,'13301',2508,,7452,1,,,0,100,,7453,1,,,0,100,,7454,1,,,0
901,'2',705,,11280,1,,,0,100,,11279,1,,,0,100,,11268,1,,,0,100,,11267,1,,,0,100,,11266,1,,,0,30,,11278,1,,,0,70,,11265,1,,,0,30,,11277,1,,,0,70,,11264,1,,,0,30,,11276,1,,,0,70,,11263,1,,,0,30,,11275,1,,,0,70,,11262,1,,,0,33,,11274,1,,,0,70,,11273,1,,,0,30,,11272,1,,,0,70,,11271,1,,,0,30,,11270,1,,,0,70,,11269,1,,,0,30,,11281,1,,,0,70,,11261,1,,,0,100,,11260,1,,,0,100,,11259,1,,,0,100,,11258,1,,,0,100,,11257,1,,,0,100,,11256,1,0,16,0
901,'3',908,,7465,1,,,0,100,,7464,1,,,0,100,,7463,1,,,0,100,,7462,1,,,0,100,,7461,1,,,0,100,,7460,1,,,0,100,,7459,1,,,0,100,,7468,1,,,0,100,,7467,1,,,0,100,,7466,1,,,0,100,,7458,1,,,0,100,,7457,1,,,0,100,,7456,1,0,16,0
2201,'1',629,,8573,1,,,0,79,,8572,1,,,0,30,,8574,1,,,0,70,,8571,1,,,0,30,,8570,1,,,0
6000,'1',625,,9686,8,,,0,30,,9685,8,,,0,70,,9684,8,,,0,30,,9683,8,,,0,70,,9682,8,,,0,30,,9681,8,,,0,70,,9680,8,,,0,30,,9679,8,,,0,70,,9678,8,,,0,30,,9677,8,,,0,70,,9676,8,,,0,30,,9675,8,,,0,70,,9674,8,,,0,30,,9673,8,,,0,70,,9672,8,,,0,30,,9671,8,,,0,70,,9670,8,,,0,30,,9669,8,,,0,70,,9668,8,,,0,30,,9667,8,,,0,70,,9666,8,,,0,30,,9665,8,,,0,70,,9664,8,,,0,30,,9663,8,,,0,70,,9662,8,,,0,30,,9687,8,,,0,98,3,9661,8,,,0,100,3,9660,8,,,0,100,3,9659,8,,,0,100,3,9658,8,,,0,100,3,9657,8,,,0
6000,'13301',2452,3,9691,8,,,0,100,3,9692,8,,,0,100,3,9693,8,,,0
6000,'2',653,3,12391,8,,,0,100,3,12390,8,,,0,100,3,12389,8,,,0,100,3,12388,8,,,0,100,3,12387,8,,,0,70,3,12386,8,,,0,30,3,12385,8,,,0,70,3,12384,8,,,0,30,3,12383,8,,,0,70,3,12382,8,,,0,30,3,12381,8,,,0,70,3,12380,8,,,0,30,3,12379,8,,,0,70,3,12378,8,,,0,30,3,12377,8,,,0,70,3,12376,8,,,0,30,3,12375,8,,,0,70,3,12374,8,,,0,30,3,12373,8,,,0,70,3,12372,8,,,0,30,3,12392,8,,,0,100,3,12371,8,,,0,100,3,12370,8,,,0,100,3,12369,8,,,0,100,3,12368,8,,,0,100,3,12367,8,,,0
6000,'3',853,3,9706,8,,,0,100,3,9705,8,,,0,100,3,9704,8,,,0,100,3,9703,8,,,0,100,3,9702,8,,,0,100,3,9701,8,,,0,100,3,9700,8,,,0,100,3,9699,8,,,0,100,3,9698,8,,,0,100,3,9697,8,,,0,100,3,9707,8,,,0,100,3,9696,8,,,0,100,3,9695,8,,,0
6400,'1',633,,9991,11,4,,0,70,,9992,11,4,,0,30,,9993,11,4,,0,70,,9994,11,4,,0,30,,9995,11,4,,0,70,,9996,11,4,,0,30,,9997,11,4,,0,70,,9998,11,4,,0,30,,9999,11,4,,0,70,,10000,11,4,,0,30,,10001,11,4,,0,70,,10002,11,4,,0,30,,10003,11,4,,0,70,,10004,11,4,,0,30,,10005,11,4,,0,70,,10006,11,4,,0,30,,10007,11,4,,0,70,,10008,11,4,,0,30,,10009,11,4,,0,70,,10010,11,4,,0,30,,10011,11,4,,0,70,,10012,11,4,,0,30,,10013,11,4,,0,70,,10014,11,4,,0,30,,10015,11,4,,0,120,,10017,11,4,,0,100,,10018,11,4,,0,100,,10019,11,4,,0,100,,10020,11,4,,0,100,,10021,11,4,,0
6400,'2',653,,12534,11,4,,0,100,,12535,11,4,,0,100,,12536,11,4,,0,100,,12537,11,4,,0,149,,12538,11,4,,0,30,,12539,11,4,,0,70,,12540,11,4,,0,30,,12541,11,4,,0,70,,12542,11,4,,0,30,,12543,11,4,,0,70,,12544,11,4,,0,30,,12545,11,4,,0,70,,12546,11,4,,0,30,,12547,11,4,,0,70,,12548,11,4,,0,30,,12549,11,4,,0,70,,12550,11,4,,0,30,,12551,11,4,,0,70,,12552,11,4,,0,30,,12553,11,4,,0,121,,12528,11,4,,0,100,,12529,11,4,,0,100,,12530,11,4,,0,100,,12531,11,4,,0,100,,12533,11,4,,0
6400,'3',853,,10026,11,4,,0,100,,10027,11,4,,0,100,,10028,11,4,,0,100,,10029,11,4,,0,100,,10030,11,4,,0,100,,10031,11,4,,0,100,,10032,11,4,,0,100,,10033,11,4,,0,100,,10034,11,4,,0,100,,10035,11,4,,0,100,,10036,11,4,,0,100,,10023,11,4,,0,100,,10024,11,4,,0
6500,'1',610,,10113,8,,,0,30,,10114,8,,,0,70,,10112,8,,,0,30,,10111,8,,,0,70,,10110,8,,,0,30,,10109,8,,,0,70,,10108,8,,,0,30,,10107,8,,,0,70,,10106,8,,,0,30,,10105,8,,,0,70,,10104,8,,,0,30,,10103,8,,,0,70,,10102,8,,,0,30,,10101,8,,,0,70,,10100,8,,,0,30,,10099,8,,,0,70,,10098,8,,,0,30,,10097,8,,,0,70,,10096,8,,,0,30,,10095,8,,,0,70,,10094,8,,,0,30,,10093,8,,,0,70,,10092,8,,,0,30,,10091,8,,,0,70,,10090,8,,,0,30,,10089,8,,,0,85,5,10088,8,,,0,100,5,10087,8,,,0,100,5,10083,8,,,0,100,5,10085,8,,,0,100,5,10084,8,,,0,95,,10086,8,,,0
6500,'13301',2520,,10118,8,,,0,100,,10119,8,,,0,100,,10120,8,,,0
6500,'2',625,5,12608,8,,,0,100,5,12607,8,,,0,100,5,12606,8,,,0,100,5,12605,8,,,0,100,5,12604,8,,,0,85,5,12603,8,,,0,30,5,12602,8,,,0,70,5,12601,8,,,0,30,5,12600,8,,,0,70,5,12599,8,,,0,30,5,12598,8,,,0,70,5,12597,8,,,0,30,5,12596,8,,,0,70,5,12595,8,,,0,30,5,12594,8,,,0,70,5,12593,8,,,0,30,5,12592,8,,,0,70,5,12591,8,,,0,30,5,12590,8,,,0,70,5,12589,8,,,0,30,5,12588,8,,,0,85,5,12587,8,,,0,100,5,12586,8,,,0,100,5,12582,8,,,0,100,5,12584,8,,,0,100,5,12583,8,,,0,95,,12585,8,,,0
6500,'3',825,,10126,1,,,0,100,5,10125,8,,,0,100,5,10124,8,,,0,100,5,10127,8,,,0,100,5,10128,8,,,0,100,5,10129,8,,,0,100,5,10130,8,,,0,100,5,10131,8,,,0,100,5,10132,8,,,0,100,5,10133,8,,,0,100,5,10134,8,,,0,100,5,10123,8,,,0,100,5,10122,8,,,0,95,,10121,8,,,0
