100,'1',612,,6213,22,,,0,30,,6214,22,,,0,67,,6215,22,,,0,30,,6216,22,,,0,70,,6217,22,,,0,30,,6218,22,,,0,70,,6219,22,,,0,30,,6220,22,,,0,71,,6221,22,,,0,30,,6222,22,,,0,70,,6223,22,,,0,30,,6224,22,,,0,70,,6225,22,,,0,30,,6226,22,,,0,70,,6227,22,,,0,30,,6228,22,,,0,70,,6229,22,,,0,30,,6230,22,,,0,70,,6231,22,,,0,31,,6232,22,,,0,70,,6233,22,,,0,15,,6234,22,,,0,15,,6235,22,,,0,70,,6236,22,,,0,30,,6237,22,,,0,70,,6238,22,,,0,30,,6239,22,,,0,68,,6240,22,,,0,100,,6241,22,,,0,100,,6242,22,,,0,100,,6243,22,,,0,100,,6244,22,,,0,100,,6245,22,,,0
100,'13301',2509,,6246,22,,,0,100,,6247,22,,,0,100,,6248,22,,,0
100,'2',710,,10632,22,,,0,100,,10633,22,,,0,100,,10634,22,,,0,100,,10635,22,,,0,100,,10636,22,,,0,30,,10637,22,,,0,70,,10638,22,,,0,30,,10639,22,,,0,70,,10640,22,,,0,30,,10641,22,,,0,70,,10642,22,,,0,30,,10643,22,,,0,70,,10644,22,,,0,30,,10645,22,,,0,70,,10646,22,,,0,30,,10647,22,,,0,70,,10648,22,,,0,30,,10649,22,,,0,70,,10650,22,,,0,30,,10651,22,,,0,70,,10652,22,,,0,30,,10653,22,,,0,70,,10658,22,,,0,100,,10654,22,,,0,100,,10655,22,,,0,100,,10656,22,,,0,100,,10657,22,,,0
100,'3',910,,6249,22,,,0,100,,6250,22,,,0,100,,6251,22,,,0,100,,6252,22,,,0,100,,6253,22,,,0,100,,6254,22,,,0,100,,6255,22,,,0,100,,6256,22,,,0,100,,6257,22,,,0,100,,6258,22,,,0,100,,6259,22,,,0,100,,6260,22,,,0,100,,6261,22,,,0
201,'1',625,,6397,25,,,0,20,,6398,25,,,0,60,,6399,25,,,0,20,,6400,25,,,0,20,,6401,25,,,0,60,,6402,25,,,0,20,,6403,25,,,0,20,,6404,25,,,0,60,,6405,25,,,0,20,,6406,25,,,0,20,,6407,25,,,0,60,,6408,25,,,0,20,,6409,25,,,0,20,,6410,25,,,0,60,,6411,25,,,0,20,,6412,25,,,0,20,,6413,25,,,0,60,,6414,25,,,0,20,,6415,25,,,0,20,,6416,25,,,0,60,,6417,25,,,0,20,,6418,25,,,0,20,,6419,25,,,0,60,,6420,25,,,0,20,,6421,25,,,0,20,,6422,25,,,0,60,,6423,25,,,0,20,,6424,25,,,0,20,,6434,25,,,0,60,,6425,25,,,0,20,,6426,25,,,0,15,,6427,25,,,0,15,,6428,25,,,0,55,,6429,25,,,0,15,,6430,25,,,0,15,,6431,25,,,0,15,,6432,25,,,0,55,,6433,25,,,0,15,,6435,25,,,0,14,,6448,25,,,0,15,,6436,25,,,0,55,,6437,25,,,0,30,,6438,25,,,0,70,,6439,25,,,0,30,,6440,25,,,0,70,,6441,25,,,0,30,,6442,25,,,0,70,,6443,25,,,0,30,,6444,25,,,0,70,,6445,25,,,0,30,,6446,25,,,0,70,,6447,25,,,0
201,'13301',2453,,6449,25,,,0,70,,6450,25,,,0,30,,6451,25,,,0,70,,6452,25,,,0,30,,6453,25,,,0,70,,6454,25,,,0,30,,6455,25,,,0
201,'2',641,,10730,25,,,0,70,,10743,25,,,0,30,,10744,25,,,0,70,,10745,25,,,0,30,,10746,25,,,0,70,,10747,25,,,0,30,,10748,25,,,0,70,,10749,25,,,0,30,,10750,25,,,0,64,,10751,25,,,0,40,,10752,25,,,0,60,,10753,25,,,0,20,,10754,25,,,0,20,,10755,25,,,0,60,,10756,25,,,0,20,,10757,25,,,0,20,,10758,25,,,0,60,,10759,25,,,0,20,,10760,25,,,0,20,,10761,25,,,0,60,,10762,25,,,0,20,,10763,25,,,0,20,,10764,25,,,0,60,,10765,25,,,0,20,,10766,25,,,0,20,,10767,25,,,0,60,,10768,25,,,0,20,,10769,25,,,0,20,,10770,25,,,0,60,,10771,25,,,0,20,,10772,25,,,0,16,,10773,25,,,0,70,,10742,25,,,0,30,,10736,25,,,0,70,,10741,25,,,0,30,,10735,25,,,0,70,,10740,25,,,0,30,,10734,25,,,0,70,,10739,25,,,0,30,,10733,25,,,0,70,,10738,25,,,0,30,,10732,25,,,0,70,,10737,25,,,0,25,,10731,25,,,0
201,'3',911,,6481,25,,,0,30,,6457,25,,,0,70,,6480,25,,,0,30,,6456,25,,,0,70,,6479,25,,,0,30,,6478,25,,,0,70,,6477,25,,,0,30,,6476,25,,,0,70,,6475,25,,,0,30,,6474,25,,,0,70,,6473,25,,,0,30,,6472,25,,,0,70,,6471,25,,,0,30,,6470,25,,,0,70,,6469,25,,,0,30,,6468,25,,,0,70,,6467,25,,,0,30,,6466,25,,,0,70,,6465,25,,,0,30,,6464,25,,,0,70,,6463,25,,,0,30,,6460,25,,,0,70,,6462,25,,,0,30,,6459,25,,,0,70,,6461,25,,,0,25,,6458,25,,,0
801,'1',618,,7322,16,,,0,10,,7323,16,,,0,10,,7324,16,,,0,10,,7325,16,,,0,10,,7234,16,,,0,50,,7237,16,,,0,11,,7240,16,,,0,10,,7243,16,,,0,10,,7245,16,,,0,10,,7235,16,,,0,10,,7238,16,,,0,50,,7241,16,,,0,10,,7244,16,,,0,10,,7246,16,,,0,10,,7236,16,,,0,10,,7239,16,,,0,10,,7242,16,,,0,50,,7298,16,,,0,10,,7299,16,,,0,10,,7300,16,,,0,10,,7301,16,,,0,10,,7247,16,,,0,10,,7254,16,,,0,50,,7261,16,,,0,10,,7268,16,,,0,10,,7274,16,,,0,10,,7248,16,,,0,10,,7255,16,,,0,10,,7262,16,,,0,50,,7269,16,,,0,10,,7275,16,,,0,10,,7249,16,,,0,10,,7256,16,,,0,10,,7263,16,,,0,10,,7270,16,,,0,50,,7276,16,,,0,10,,7250,16,,,0,10,,7257,16,,,0,10,,7264,16,,,0,10,,7271,16,,,0,10,,7277,16,,,0,50,,7251,16,,,0,10,,7258,16,,,0,10,,7265,16,,,0,10,,7272,16,,,0,10,,7278,16,,,0,10,,7252,16,,,0,50,,7259,16,,,0,10,,7266,16,,,0,10,,7273,16,,,0,10,,7279,16,,,0,10,,7253,16,,,0,10,,7260,16,,,0,50,,7267,16,,,0,10,,7302,16,,,0,10,,7303,16,,,0,10,,7304,16,,,0,11,,7280,16,,,0,50,,7284,16,,,0,10,,7288,16,,,0,10,,7292,16,,,0,10,,7295,16,,,0,10,,7281,16,,,0,10,,7285,16,,,0,50,,7289,16,,,0,10,,7293,16,,,0,10,,7296,16,,,0,10,,7282,16,,,0,10,,7286,16,,,0,10,,7290,16,,,0,50,,7294,16,,,0,10,,7297,16,,,0,10,,7283,16,,,0,10,,7287,16,,,0,10,,7291,16,,,0,8,,7305,16,,,0,58,,7307,16,,,0,20,,7306,16,,,0,22,,7308,16,,,0,62,,7309,16,,,0,22,,7310,16,,,0,22,,7311,16,,,0,61,,7312,16,,,0,22,,7313,16,,,0,22,,7314,16,,,0,62,,7315,16,,,0,22,,7316,16,,,0,62,,7317,16,,,0,22,,7318,16,,,0,22,,7319,16,,,0,62,,7320,16,,,0,22,,7321,16,,,0
801,'13301',2455,,7326,16,,,0,62,,7327,16,,,0,22,,7328,16,,,0,62,,7329,16,,,0,22,,7330,16,,,0,22,,7331,16,,,0,62,,7332,16,,,0,22,,7333,16,,,0
801,'2',618,,11174,16,,,0,22,,11161,16,,,0,62,,11162,16,,,0,22,,11163,16,,,0,22,,11164,16,,,0,62,,11165,16,,,0,22,,11166,16,,,0,22,,11167,16,,,0,62,,11168,16,,,0,22,,11169,16,,,0,22,,11170,16,,,0,62,,11171,16,,,0,22,,11172,16,,,0,62,,11173,16,,,0,23,,11175,16,,,0,13,,11176,16,,,0,12,,11177,16,,,0,52,,11178,16,,,0,12,,11179,16,,,0,12,,11180,16,,,0,12,,11181,16,,,0,12,,11182,16,,,0,52,,11183,16,,,0,12,,11184,16,,,0,12,,11185,16,,,0,12,,11186,16,,,0,12,,11187,16,,,0,52,,11188,16,,,0,12,,11189,16,,,0,12,,11190,16,,,0,12,,11191,16,,,0,12,,11192,16,,,0,52,,11193,16,,,0,12,,11194,16,,,0,12,,11195,16,,,0,12,,11196,16,,,0,12,,11197,16,,,0,52,,11198,16,,,0,12,,11199,16,,,0,12,,11200,16,,,0,12,,11201,16,,,0,12,,11202,16,,,0,52,,11203,16,,,0,12,,11204,16,,,0,12,,11205,16,,,0,12,,11206,16,,,0,12,,11207,16,,,0,52,,11208,16,,,0,12,,11209,16,,,0,12,,11210,16,,,0,12,,11211,16,,,0,12,,11212,16,,,0,52,,11213,16,,,0,21,,11214,16,,,0,22,,11215,16,,,0,62,,11216,16,,,0,22,,11217,16,,,0,22,,11218,16,,,0,62,,11219,16,,,0,22,,11220,16,,,0,22,,11221,16,,,0,62,,11222,16,,,0,22,,11223,16,,,0,62,,11224,16,,,0,22,,11225,16,,,0,22,,11226,16,,,0,62,,11227,16,,,0,22,,11228,16,,,0
801,'3',842,,7334,16,,,0,62,,7335,16,,,0,22,,7336,16,,,0,22,,7337,16,,,0,62,,7338,16,,,0,22,,7339,16,,,0,22,,7340,16,,,0,62,,7341,16,,,0,22,,7342,16,,,0,62,,7343,16,,,0,22,,7344,16,,,0,22,,7345,16,,,0,62,,7346,16,,,0,22,,7347,16,,,0,22,,7348,16,,,0,62,,7349,16,,,0,22,,7350,16,,,0,22,,7351,16,,,0,62,,7352,16,,,0,22,,7353,16,,,0,62,,7354,16,,,0,22,,7355,16,,,0,22,,7356,16,,,0,62,,7357,16,,,0,22,,7358,16,,,0,22,,7359,16,,,0,62,,7360,16,,,0,22,,7361,16,,,0,22,,7362,16,,,0,62,,7363,16,,,0,22,,7364,16,,,0,62,,7365,16,,,0,22,,7366,16,,,0,22,,7367,16,,,0,62,,7368,16,,,0,22,,7369,16,,,0
901,'1',626,,7425,17,,,0,15,,7426,36,,,0,70,,7427,36,,,0,30,,7428,36,,,0,70,,7429,36,,,0,30,,7430,37,,,0,70,,7431,37,,,0,30,,7432,36,,,0,70,,7439,37,,,0,30,,7433,36,,,0,70,,7440,37,,,0,30,,7434,36,,,0,70,,7441,37,,,0,30,,7435,36,,,0,70,,7442,37,,,0,30,,7436,36,,,0,70,,7443,37,,,0,30,,7437,36,,,0,70,,7444,37,,,0,30,,7438,36,,,0,70,,7445,37,,,0,30,,7448,36,,,0,70,,7446,36,,,0,30,,7449,36,,,0,70,,7447,36,,,0,30,,7450,36,,,0,70,,7451,37,,,0,30,,7419,37,,,0,100,,7420,37,,,0,100,,7421,37,,,0,100,,7422,37,,,0,100,,7423,37,,,0
901,'13301',2541,,7452,37,,,0,100,,7453,37,,,0,100,,7454,37,,,0
901,'2',640,,11255,17,,,0,101,,11280,37,,,0,100,,11279,37,,,0,100,,11268,37,,,0,100,,11267,37,,,0,100,,11266,37,,,0,70,,11278,37,,,0,30,,11265,36,,,0,70,,11277,37,,,0,30,,11264,36,,,0,70,,11276,37,,,0,30,,11263,36,,,0,70,,11275,37,,,0,30,,11262,36,,,0,70,,11274,37,,,0,30,,11273,36,,,0,70,,11272,37,,,0,30,,11271,36,,,0,70,,11270,37,,,0,30,,11269,36,,,0,70,,11281,37,,,0,30,,11261,37,,,0,100,,11260,37,,,0,100,,11259,37,,,0,100,,11258,37,,,0,100,,11257,37,,,0
901,'3',841,,7455,17,,,0,100,,7465,37,,,0,100,,7464,37,,,0,100,,7463,37,,,0,100,,7462,37,,,0,100,,7461,37,,,0,100,,7460,37,,,0,100,,7459,37,,,0,100,,7468,37,,,0,100,,7467,37,,,0,100,,7466,37,,,0,100,,7458,37,,,0,100,,7457,37,,,0
32501,'1201',1527,,10529,4,,,0
