301,'1',624,,6561,14,,,0,30,,6560,14,,,0,70,,6559,14,,,0,30,,6558,14,,,0,70,,6557,14,,,0,30,,6556,14,,,0,70,,6555,14,,,0,30,,6554,14,,,0,70,,6553,14,,,0,30,,6552,14,,,0,70,,6551,14,,,0,30,,6550,14,,,0,70,,6549,14,,,0,30,,6548,14,,,0,70,,6547,14,,,0,30,,6546,14,,,0,70,,6545,14,,,0,30,,6544,14,,,0,70,,6543,14,,,0,30,,6542,14,,,0,70,,6541,14,,,0,30,,6540,14,,,0,70,,6539,14,,,0,30,,6538,14,,,0,70,,6537,14,,,0,27,,6536,14,,,0,74,,6535,14,,,0,100,,6534,14,,,0,100,,6533,14,,,0,100,,6532,14,,,0,100,,6531,14,,,0,100,,6530,14,,,0
301,'13301',2525,,6562,14,,,0,100,,6563,14,,,0,100,,6564,14,,,0
301,'2',725,,10825,14,,,0,100,,10824,14,,,0,100,,10823,14,,,0,100,,10822,14,,,0,99,,10821,14,,,0,30,,10820,14,,,0,70,,10819,14,,,0,30,,10818,14,,,0,70,,10817,14,,,0,30,,10816,14,,,0,70,,10815,14,,,0,30,,10814,14,,,0,70,,10813,14,,,0,30,,10812,14,,,0,70,,10811,14,,,0,30,,10810,14,,,0,70,,10809,14,,,0,30,,10808,14,,,0,70,,10807,14,,,0,27,,10806,14,,,0,74,,10805,14,,,0,100,,10804,14,,,0,100,,10803,14,,,0,100,,10802,14,,,0,100,,10801,14,,,0,100,,10800,14,,,0
301,'3',925,,6577,14,,,0,100,,6576,14,,,0,100,,6575,14,,,0,100,,6574,14,,,0,100,,6573,14,,,0,100,,6572,14,,,0,100,,6571,14,,,0,100,,6570,14,,,0,100,,6569,14,,,0,100,,6568,14,,,0,100,,6567,14,,,0,100,,6566,14,,,0,100,,6565,14,,,0
6000,'1',638,,9686,16,,,0,70,,9685,16,,,0,30,,9684,16,,,0,70,,9683,16,,,0,30,,9682,16,,,0,70,,9681,16,,,0,30,,9680,16,,,0,70,,9679,16,,,0,30,,9678,16,,,0,70,,9677,16,,,0,30,,9676,16,,,0,70,,9675,16,,,0,30,,9674,16,,,0,70,,9673,16,,,0,30,,9672,16,,,0,70,,9671,16,,,0,30,,9670,16,,,0,70,,9669,16,,,0,30,,9668,16,,,0,70,,9667,16,,,0,7,,9688,9,,,0,23,,9666,16,,,0,7,,9689,9,,,0,63,,9665,16,,,0,7,,9690,9,,,0,23,,9664,16,,,0,70,,9663,16,,,0,30,,9662,16,,,0,70,,9687,16,,,0,100,,9661,16,,,0,100,,9660,16,,,0,100,,9659,16,,,0,100,,9658,16,,,0,100,,9657,16,,,0
6000,'13301',2507,,9691,16,,,0,100,,9692,16,,,0,100,,9693,16,,,0
6000,'2',708,,12391,16,,,0,100,,12390,16,,,0,100,,12389,16,,,0,100,,12388,16,,,0,100,,12387,16,,,0,30,,12386,16,,,0,70,,12385,16,,,0,30,,12384,16,,,0,70,,12383,16,,,0,30,,12382,16,,,0,70,,12381,16,,,0,30,,12380,16,,,0,70,,12379,16,,,0,30,,12378,16,,,0,70,,12377,16,,,0,30,,12376,16,,,0,70,,12375,16,,,0,30,,12374,16,,,0,70,,12373,16,,,0,30,,12372,16,,,0,70,,12392,16,,,0,100,,12371,16,,,0,100,,12370,16,,,0,100,,12369,16,,,0,100,,12368,16,,,0,100,,12367,16,,,0
6000,'3',908,,9706,16,,,0,100,,9705,16,,,0,100,,9704,16,,,0,100,,9703,16,,,0,100,,9702,16,,,0,100,,9701,16,,,0,100,,9700,16,,,0,100,,9699,16,,,0,100,,9698,16,,,0,100,,9697,16,,,0,100,,9707,16,,,0,100,,9696,16,,,0,100,,9695,16,,,0
6500,'1',623,,10113,16,,,0,30,,10114,16,,,0,70,,10112,16,,,0,30,,10111,16,,,0,70,,10110,16,,,0,30,,10109,16,,,0,70,,10108,16,,,0,30,,10107,16,,,0,70,,10106,16,,,0,30,,10105,16,,,0,70,,10104,16,,,0,30,,10103,16,,,0,70,,10102,16,,,0,30,,10101,16,,,0,70,,10100,16,,,0,30,,10099,16,,,0,70,,10098,16,,,0,30,,10097,16,,,0,70,,10096,16,,,0,30,,10095,16,,,0,70,,10094,16,,,0,30,,10093,16,,,0,70,,10092,16,,,0,30,,10091,16,,,0,70,,10090,16,,,0,30,,10089,16,,,0,85,,10088,16,,,0,100,,10087,16,,,0,100,,10083,16,,,0,100,,10085,16,,,0,100,,10084,16,,,0,95,,10086,16,,,0
6500,'1201',851,,10116,8,,,0,70,,10117,8,,,0
6500,'13301',2533,,10118,16,,,0,100,,10119,16,,,0,100,,10120,16,,,0
6500,'2',638,,12608,16,,,0,100,,12607,16,,,0,100,,12606,16,,,0,100,,12605,16,,,0,100,,12604,16,,,0,85,,12603,16,,,0,30,,12602,16,,,0,70,,12601,16,,,0,30,,12600,16,,,0,70,,12599,16,,,0,30,,12598,16,,,0,70,,12597,16,,,0,30,,12596,16,,,0,70,,12595,16,,,0,30,,12594,16,,,0,70,,12593,16,,,0,30,,12592,16,,,0,70,,12591,16,,,0,30,,12590,16,,,0,70,,12589,16,,,0,30,,12588,16,,,0,85,,12587,16,,,0,100,,12586,16,,,0,100,,12582,16,,,0,100,,12584,16,,,0,100,,12583,16,,,0,95,,12585,16,,,0
6500,'3',838,,10126,9,,,0,100,,10125,16,,,0,100,,10124,16,,,0,100,,10127,16,,,0,100,,10128,16,,,0,100,,10129,16,,,0,100,,10130,16,,,0,100,,10131,16,,,0,100,,10132,16,,,0,100,,10133,16,,,0,100,,10134,16,,,0,100,,10123,16,,,0,100,,10122,16,,,0,95,,10121,16,,,0
