1701,'1',632,,8266,4,0,28,0,20,,8267,4,0,28,0,60,,8268,4,0,28,0,20,,8269,4,0,28,0,20,,8270,4,0,28,0,60,,8271,4,0,28,0,20,,8272,4,0,28,0,20,,8273,4,0,28,0,60,,8274,4,0,28,0,20,,8275,4,0,28,0,18,,8276,4,0,28,0,75,,8292,4,0,28,0,25,,8277,4,0,28,0,70,,8278,4,0,28,0,35,,8279,4,0,28,0,70,,8280,4,0,28,0,30,,8281,4,0,28,0,70,,8293,4,0,28,0,30,,8294,4,0,28,0,70,,8295,4,0,28,0,30,,8296,4,0,28,0,58,,8297,4,0,28,0,22,,8298,4,0,28,0,20,,8300,4,0,28,0,60,,8299,4,0,28,0,20,,8301,4,0,28,0,20,,8302,4,0,28,0,60,,8303,4,0,28,0,20,,8304,4,0,28,0,20,,8305,4,0,28,0,60,,8306,4,0,28,0,20,,8283,4,0,28,0,20,,8284,4,0,28,0,75,,8285,4,0,28,0,85,,8286,4,0,28,0,85,,8287,4,0,28,0,45,,8288,4,0,28,0,85,,8289,4,0,28,0,85,,8290,4,0,28,0,85,,8291,4,0,28,0
1701,'13301',2530,,8311,4,0,28,0,85,,8312,4,0,28,0,85,,8313,4,0,28,0,45,,8314,4,0,28,0
1701,'3',919,,8348,4,0,28,0,85,,8349,4,0,28,0,45,,8350,4,0,28,0,85,,8351,4,0,28,0,85,,8352,4,0,28,0,85,,8353,4,0,28,0,45,,8354,4,0,28,0,85,,8355,4,0,28,0,85,,8356,4,0,28,0,85,,8357,4,0,28,0,45,,8358,4,0,28,0,85,,8359,4,0,28,0,85,,8360,4,0,28,0,85,,8361,4,0,28,0,45,,8362,4,0,28,0,85,,8363,4,0,28,0,85,,8364,4,0,28,0
4300,'1',628,,9119,14,,,0,30,,9120,14,,,0,69,,9121,14,,,0,30,,9122,14,,,0,70,,9123,14,,,0,30,,9124,14,,,0,69,,9125,14,,,0,28,,9126,14,,,0,70,,9127,14,,,0,30,,9128,14,,,0,70,,9129,14,,,0,30,,9130,14,,,0,70,,9131,14,,,0,30,,9132,14,,,0,70,,9133,14,,,0,30,,9134,14,,,0,70,,9135,14,,,0,30,,9136,14,,,0,68,,9137,14,,,0,30,,9138,14,,,0,70,,9139,14,,,0,30,,9140,14,,,0,70,,9141,14,,,0,30,,9142,14,,,0,70,,9143,14,,,0,25,,9144,14,,,0,70,,9145,14,,,0,100,,9146,14,,,0,100,,9147,14,,,0,100,,9148,14,,,0,100,,9149,14,,,0,100,,9150,14,,,0
4300,'13301',2517,,9151,14,,,0,100,,9152,14,,,0,100,,9153,14,,,0
4300,'3',847,,9154,14,,,0,100,,9155,14,,,0,100,,9156,14,,,0,100,,9157,14,,,0,100,,9158,14,,,0,100,,9159,14,,,0,100,,9160,14,,,0,100,,9161,14,,,0,100,,9162,14,,,0,100,,9163,14,,,0,100,,9164,14,,,0,100,,9165,14,,,0,100,,9166,14,,,0,100,,9167,14,,,0
4400,'1',635,,9221,14,,,0,70,,9222,14,,,0,29,,9223,14,,,0,70,,9224,14,,,0,30,,9225,14,,,0,70,,9226,14,,,0,29,,9227,14,,,0,69,,9228,14,,,0,30,,9229,14,,,0,70,,9230,14,,,0,30,,9231,14,,,0,70,,9232,14,,,0,30,,9233,14,,,0,70,,9234,14,,,0,30,,9235,14,,,0,70,,9236,14,,,0,30,,9237,14,,,0,70,,9238,14,,,0,28,,9239,14,,,0,70,,9240,14,,,0,30,,9241,14,,,0,70,,9242,14,,,0,30,,9243,14,,,0,70,,9244,14,,,0,57,,9245,14,,,0,100,,9246,14,,,0,100,,9247,14,,,0,100,,9248,14,,,0,100,,9249,14,,,0,101,,9250,14,,,0
4400,'13301',2457,,9251,14,,,0,100,,9252,14,,,0,100,,9253,14,,,0
4400,'3',927,,9266,14,,,0,100,,9265,14,,,0,100,,9261,14,,,0,100,,9260,14,,,0,100,,9259,14,,,0,100,,9258,14,,,0,100,,9257,14,,,0,100,,9256,14,,,0,100,,9255,14,,,0,100,,9254,14,,,0,100,,9264,14,,,0,100,,9263,14,,,0,100,,9262,14,,,0
4500,'1',613,,9318,14,,,0,29,,9319,14,,,0,69,,9320,14,,,0,30,,9321,14,,,0,70,,9322,14,,,0,30,,9323,14,,,0,70,,9324,14,,,0,30,,9325,14,,,0,70,,9326,14,,,0,30,,9327,14,,,0,70,,9328,14,,,0,30,,9329,14,,,0,70,,9330,14,,,0,30,,9331,14,,,0,70,,9332,14,,,0,30,,9333,14,,,0,70,,9334,14,,,0,30,,9335,14,,,0,70,,9336,14,,,0,27,,9337,14,,,0,70,,9338,14,,,0,30,,9339,14,,,0,70,,9340,14,,,0,30,,9341,14,,,0,93,,9342,14,,,0,106,,9343,14,,,0,100,,9344,14,,,0,100,,9345,14,,,0,100,,9346,14,,,0,100,,9347,14,,,0
4500,'13301',2437,,9348,14,,,0,100,,9349,14,,,0,100,,9350,14,,,0
4500,'3',907,,9363,14,,,0,100,,9362,14,,,0,100,,9351,14,,,0,100,,9361,14,,,0,100,,9360,14,,,0,100,,9359,14,,,0,100,,9358,14,,,0,100,,9357,14,,,0,100,,9356,14,,,0,100,,9355,14,,,0,100,,9354,14,,,0,101,,9353,14,,,0,99,,9352,14,,,0
4600,'1',620,,9412,14,,,0,29,,9413,14,,,0,69,,9414,14,,,0,30,,9415,14,,,0,70,,9416,14,,,0,30,,9417,14,,,0,71,,9418,14,,,0,30,,9419,14,,,0,70,,9420,14,,,0,30,,9421,14,,,0,70,,9422,14,,,0,30,,9423,14,,,0,70,,9424,14,,,0,30,,9425,14,,,0,70,,9426,14,,,0,30,,9427,14,,,0,70,,9428,14,,,0,29,,9429,14,,,0,66,,9430,14,,,0,30,,9431,14,,,0,70,,9432,14,,,0,30,,9433,14,,,0,70,,9434,14,,,0,30,,9435,14,,,0,70,,9436,14,,,0
