1600,'1',633,,7990,11,,,0,72,,7991,11,,,0,32,,7992,11,,,0,72,,7993,11,,,0,32,,7994,11,,,0,72,,7995,11,,,0,32,,7996,11,,,0,72,,7997,11,,,0,32,,7998,11,,,0,72,,7999,11,,,0,32,,8000,11,,,0,72,,8010,11,,,0,32,,8011,11,,,0,72,,8001,11,,,0,72,,8002,11,,,0,32,,8003,11,,,0,72,,8004,11,,,0,32,,8005,11,,,0,72,,8006,11,,,0,32,,8007,11,,,0,72,,8008,11,,,0,32,,8012,11,,,0,72,,8009,11,,,0,31,,8013,11,,,0,75,,8014,11,,,0,100,,8015,11,,,0,100,,8016,11,,,0,100,,8017,11,,,0,100,,8018,11,,,0,100,,8019,11,,,0
1600,'13301',2523,,8020,11,,,0,100,,8021,11,,,0,100,,8022,11,,,0
1600,'2',626,,11583,11,,,0,100,,11584,11,,,0,100,,11585,11,,,0,100,,11586,11,,,0,100,,11587,11,,,0,103,,11588,11,,,0,74,,11589,11,,,0,32,,11590,11,,,0,72,,11591,11,,,0,32,,11592,11,,,0,72,,11593,11,,,0,32,,11594,11,,,0,72,,11595,11,,,0,32,,11596,11,,,0,72,,11597,11,,,0,32,,11598,11,,,0,72,,11599,11,,,0,32,,11600,11,,,0,72,,11601,11,,,0,31,,11602,11,,,0,100,,11603,11,,,0,100,,11604,11,,,0,100,,11605,11,,,0,100,,11606,11,,,0,100,,11607,11,,,0
1600,'3',822,,8036,11,,,0,100,,8023,11,,,0,100,,8024,11,,,0,100,,8025,11,,,0,100,,8026,11,,,0,100,,8027,11,,,0,100,,8028,11,,,0,100,,8029,11,,,0,100,,8030,11,,,0,100,,8031,11,,,0,100,,8032,11,,,0,100,,8033,11,,,0,100,,8034,11,,,0,101,,8035,11,,,0
1701,'1',624,,8266,2,,,0,20,,8267,2,,,0,60,,8268,2,,,0,20,,8269,2,,,0,20,,8270,2,,,0,60,,8271,2,,,0,20,,8272,2,,,0,20,,8273,2,,,0,60,,8274,2,,,0,20,,8275,2,,,0,19,,8276,2,,,0,75,,8292,2,,,0,25,,8277,2,,,0,70,,8278,2,,,0,35,,8279,2,,,0,70,,8280,2,,,0,30,,8281,2,,,0,70,,8293,2,,,0,30,,8294,2,,,0,70,,8295,2,,,0,30,,8296,2,,,0,58,,8297,2,,,0,21,,8298,2,,,0,20,,8300,2,,,0,60,,8299,2,,,0,20,,8301,2,,,0,20,,8302,2,,,0,60,,8303,2,,,0,20,,8304,2,,,0,20,,8305,2,,,0,60,,8306,2,,,0,20,,8283,2,,,0,20,,8284,2,,,0,77,,8285,2,,,0,85,,8286,2,,,0,45,,8287,2,,,0,85,,8288,2,,,0,85,,8289,2,,,0,85,,8290,2,,,0,45,,8291,2,,,0
1701,'13301',2524,,8311,2,,,0,85,,8312,2,,,0,45,,8313,2,,,0,85,,8314,2,,,0
1701,'2',656,,11722,2,,,0,85,,11723,2,,,0,85,,11724,2,,,0,85,,11725,2,,,0,45,,11726,2,,,0,85,,11727,2,,,0,85,,11728,2,,,0,85,,11729,2,,,0,30,,11730,2,,,0,70,,11746,2,,,0,30,,11731,2,,,0,70,,11732,2,,,0,30,,11747,2,,,0,70,,11733,2,,,0,30,,11734,2,,,0,70,,11748,2,,,0,30,,11735,2,,,0,70,,11736,2,,,0,30,,11749,2,,,0,70,,11737,2,,,0,30,,11738,2,,,0,70,,11750,2,,,0,30,,11739,2,,,0,85,,11740,2,,,0,85,,11741,2,,,0,45,,11742,2,,,0,85,,11743,2,,,0,85,,11744,2,,,0,85,,11745,2,,,0
1701,'3',911,,8348,2,,,0,45,,8349,2,,,0,85,,8350,2,,,0,85,,8351,2,,,0,85,,8352,2,,,0,45,,8353,2,,,0,85,,8354,2,,,0,85,,8355,2,,,0,85,,8356,2,,,0,45,,8357,2,,,0,85,,8358,2,,,0,85,,8359,2,,,0,85,,8360,2,,,0,45,,8361,2,,,0,85,,8362,2,,,0,85,,8363,2,,,0,85,,8364,2,,,0
2700,'1',609,,8710,4,,,0,30,,8721,4,,,0,70,,8722,4,,,0,30,,8723,4,,,0,70,,8724,4,,,0,30,,8725,4,,,0,70,,8726,4,,,0,30,,8727,4,,,0,70,,8728,4,,,0,30,,8729,4,,,0,70,,8730,4,,,0,30,,8731,4,,,0,70,,8732,4,,,0,30,,8733,4,,,0,70,,8734,4,,,0,30,,8735,4,,,0,70,,8736,4,,,0,30,,8737,4,,,0,70,,8738,4,,,0,30,,8739,4,,,0,70,,8740,4,,,0,30,,8741,4,,,0,70,,8742,4,,,0,30,,8743,4,,,0,70,,8744,4,,,0,40,,8712,4,,,0,80,,8713,4,,,0,80,,8714,4,,,0,40,,8715,4,,,0,80,,8716,4,,,0,80,,8717,4,,,0,40,,8718,4,,,0,80,,8719,4,,,0,80,,8720,4,,,0
2700,'13301',2449,,8745,4,,,0,80,,8746,4,,,0,80,,8747,4,,,0,40,,8748,4,,,0
2700,'2',609,,11919,4,,,0,40,,11920,4,,,0,80,,11921,4,,,0,80,,11922,4,,,0,40,,11923,4,,,0,80,,11924,4,,,0,80,,11925,4,,,0,40,,11926,4,,,0,80,,11927,4,,,0,30,,11935,4,,,0,70,,11936,4,,,0,30,,11937,4,,,0,70,,11938,4,,,0,30,,11939,4,,,0,70,,11940,4,,,0,30,,11941,4,,,0,70,,11942,4,,,0,30,,11943,4,,,0,70,,11944,4,,,0,30,,11945,4,,,0,70,,11946,4,,,0,30,,11947,4,,,0,70,,11948,4,,,0,30,,11949,4,,,0,70,,11950,4,,,0,80,,11928,4,,,0,40,,11929,4,,,0,80,,11930,4,,,0,80,,11931,4,,,0,40,,11932,4,,,0,80,,11933,4,,,0,80,,11934,4,,,0
2700,'3',829,,8749,4,,,0,80,,8750,4,,,0,40,,8751,4,,,0,80,,8752,4,,,0,80,,8753,4,,,0,40,,8754,4,,,0,80,,8755,4,,,0,80,,8756,4,,,0,40,,8757,4,,,0,80,,8758,4,,,0,80,,8759,4,,,0,40,,8760,4,,,0,80,,8761,4,,,0,80,,8762,4,,,0,40,,8763,4,,,0,80,,8764,4,,,0,80,,8765,4,,,0,40,,8766,4,,,0,80,,8767,4,,,0,80,,8768,4,,,0
4300,'1',623,,9119,11,,,0,30,,9120,11,,,0,68,,9121,11,,,0,30,,9122,11,,,0,70,,9123,11,,,0,30,,9124,11,,,0,69,,9125,11,,,0,27,,9126,11,,,0,70,,9127,11,,,0,30,,9128,11,,,0,70,,9129,11,,,0,30,,9130,11,,,0,70,,9131,11,,,0,30,,9132,11,,,0,70,,9133,11,,,0,30,,9134,11,,,0,70,,9135,11,,,0,30,,9136,11,,,0,68,,9137,11,,,0,30,,9138,11,,,0,70,,9139,11,,,0,30,,9140,11,,,0,70,,9141,11,,,0,30,,9142,11,,,0,70,,9143,11,,,0,27,,9144,11,,,0,70,,9145,11,,,0,100,,9146,11,,,0,100,,9147,11,,,0,100,,9148,11,,,0,100,,9149,11,,,0,100,,9150,11,,,0
4300,'13301',2512,,9151,11,,,0,100,,9152,11,,,0,100,,9153,11,,,0
4300,'2',642,,12115,11,,,0,100,,12116,11,,,0,100,,12117,11,,,0,100,,12118,11,,,0,100,,12119,11,,,0,70,,12133,11,,,0,30,,12120,11,,,0,70,,12134,11,,,0,30,,12121,11,,,0,70,,12135,11,,,0,30,,12122,11,,,0,70,,12136,11,,,0,30,,12123,11,,,0,70,,12137,11,,,0,30,,12124,11,,,0,70,,12138,11,,,0,30,,12125,11,,,0,70,,12139,11,,,0,30,,12126,11,,,0,70,,12140,11,,,0,30,,12127,11,,,0,100,,12128,11,,,0,100,,12129,11,,,0,100,,12130,11,,,0,100,,12131,11,,,0,100,,12132,11,,,0
4300,'3',842,,9154,11,,,0,100,,9155,11,,,0,100,,9156,11,,,0,100,,9157,11,,,0,100,,9158,11,,,0,100,,9159,11,,,0,100,,9160,11,,,0,100,,9161,11,,,0,100,,9162,11,,,0,100,,9163,11,,,0,100,,9164,11,,,0,100,,9165,11,,,0,100,,9166,11,,,0,100,,9167,11,,,0
4400,'1',630,,9221,11,,,0,70,,9222,11,,,0,28,,9223,11,,,0,30,,9224,11,,,0,70,,9225,11,,,0,30,,9226,11,,,0,69,,9227,11,,,0,28,,9228,11,,,0,70,,9229,11,,,0,30,,9230,11,,,0,70,,9231,11,,,0,30,,9232,11,,,0,70,,9233,11,,,0,30,,9234,11,,,0,70,,9235,11,,,0,30,,9236,11,,,0,70,,9237,11,,,0,30,,9238,11,,,0,68,,9239,11,,,0,30,,9240,11,,,0,70,,9241,11,,,0,30,,9242,11,,,0,70,,9243,11,,,0,30,,9244,11,,,0,99,,9245,11,,,0,100,,9246,11,,,0,100,,9247,11,,,0,100,,9248,11,,,0,100,,9249,11,,,0,101,,9250,11,,,0
4400,'13301',2452,,9251,11,,,0,100,,9252,11,,,0,100,,9253,11,,,0
4400,'2',722,,12176,11,,,0,100,,12175,11,,,0,100,,12174,11,,,0,100,,12173,11,,,0,100,,12178,11,,,0,30,,12179,11,,,0,70,,12180,11,,,0,30,,12181,11,,,0,70,,12182,11,,,0,30,,12183,11,,,0,70,,12184,11,,,0,30,,12185,11,,,0,70,,12186,11,,,0,30,,12187,11,,,0,70,,12188,11,,,0,30,,12189,11,,,0,70,,12190,11,,,0,30,,12191,11,,,0,70,,12192,11,,,0,30,,12193,11,,,0,70,,12172,11,,,0,100,,12171,11,,,0,100,,12170,11,,,0,100,,12169,11,,,0,100,,12168,11,,,0,100,,12167,11,,,0
4400,'3',922,,9266,11,,,0,100,,9265,11,,,0,100,,9261,11,,,0,100,,9260,11,,,0,100,,9259,11,,,0,100,,9258,11,,,0,100,,9257,11,,,0,100,,9256,11,,,0,100,,9255,11,,,0,100,,9254,11,,,0,100,,9264,11,,,0,100,,9263,11,,,0,100,,9262,11,,,0
4500,'1',608,,9318,11,,,0,29,,9319,11,,,0,68,,9320,11,,,0,30,,9321,11,,,0,70,,9322,11,,,0,30,,9323,11,,,0,70,,9324,11,,,0,29,,9325,11,,,0,70,,9326,11,,,0,30,,9327,11,,,0,70,,9328,11,,,0,30,,9329,11,,,0,70,,9330,11,,,0,30,,9331,11,,,0,70,,9332,11,,,0,30,,9333,11,,,0,70,,9334,11,,,0,30,,9335,11,,,0,70,,9336,11,,,0,27,,9337,11,,,0,70,,9338,11,,,0,30,,9339,11,,,0,70,,9340,11,,,0,30,,9341,11,,,0,93,,9342,11,,,0,108,,9343,11,,,0,100,,9344,11,,,0,100,,9345,11,,,0,100,,9346,11,,,0,100,,9347,11,,,0
4500,'13301',2432,,9348,11,,,0,100,,9349,11,,,0,100,,9350,11,,,0
4500,'2',702,,12230,11,,,0,100,,12229,11,,,0,100,,12228,11,,,0,100,,12227,11,,,0,100,,12221,11,,,0,30,,12232,11,,,0,70,,12233,11,,,0,30,,12234,11,,,0,70,,12235,11,,,0,30,,12236,11,,,0,70,,12237,11,,,0,30,,12238,11,,,0,70,,12239,11,,,0,30,,12240,11,,,0,70,,12241,11,,,0,30,,12242,11,,,0,70,,12243,11,,,0,30,,12244,11,,,0,70,,12245,11,,,0,30,,12246,11,,,0,70,,12247,11,,,0,100,,12226,11,,,0,100,,12225,11,,,0,100,,12224,11,,,0,100,,12223,11,,,0,100,,12222,11,,,0
4500,'3',902,,9363,11,,,0,100,,9362,11,,,0,100,,9351,11,,,0,100,,9361,11,,,0,100,,9360,11,,,0,100,,9359,11,,,0,100,,9358,11,,,0,100,,9357,11,,,0,100,,9356,11,,,0,100,,9355,11,,,0,100,,9354,11,,,0,101,,9353,11,,,0,99,,9352,11,,,0
4600,'1',615,,9412,11,,,0,29,,9413,11,,,0,68,,9414,11,,,0,30,,9415,11,,,0,70,,9416,11,,,0,30,,9417,11,,,0,71,,9418,11,,,0,29,,9419,11,,,0,70,,9420,11,,,0,30,,9421,11,,,0,70,,9422,11,,,0,30,,9423,11,,,0,70,,9424,11,,,0,30,,9425,11,,,0,70,,9426,11,,,0,30,,9427,11,,,0,70,,9428,11,,,0,29,,9429,11,,,0,66,,9430,11,,,0,30,,9431,11,,,0,70,,9432,11,,,0,30,,9433,11,,,0,70,,9434,11,,,0,30,,9435,11,,,0,70,,9436,11,,,0
5000,'1',631,,9463,4,,,0,70,,9464,4,,,0,30,,9465,4,,,0,70,,9466,4,,,0,30,,9467,4,,,0,70,,9468,4,,,0,30,,9469,4,,,0,70,,9470,4,,,0,30,,9471,4,,,0,70,,9472,4,,,0,30,,9473,4,,,0,70,,9474,4,,,0,30,,9475,4,,,0,70,,9476,4,,,0,30,,9477,4,,,0,70,,9478,4,,,0,30,,9479,4,,,0,70,,9480,4,,,0,30,,9481,4,,,0,70,,9482,4,,,0,30,,9483,4,,,0,70,,9484,4,,,0,30,,9485,4,,,0,70,,9486,4,,,0,30,,9487,4,,,0,100,,9488,4,,,0,100,,9489,4,,,0,100,,9490,4,,,0,100,,9491,4,,,0,100,,9492,4,,,0
5000,'13301',2431,,9495,4,,,0,100,,9496,4,,,0,100,,9497,4,,,0
5000,'2',639,,12276,4,,,0,100,,12277,4,,,0,100,,12278,4,,,0,100,,12279,4,,,0,100,,12280,4,,,0,77,,12281,4,,,0,40,,12282,4,,,0,80,,12283,4,,,0,80,,12284,4,,,0,40,,12285,4,,,0,80,,12286,4,,,0,80,,12287,4,,,0,40,,12288,4,,,0,80,,12289,4,,,0,80,,12290,4,,,0,40,,12291,4,,,0,80,,12292,4,,,0,103,,12293,4,,,0,100,,12294,4,,,0,100,,12295,4,,,0,100,,12296,4,,,0,100,,12297,4,,,0
5000,'3',939,,9499,4,,,0,100,,9500,4,,,0,100,,9503,4,,,0,100,,9504,4,,,0,100,,9505,4,,,0,100,,9506,4,,,0,100,,9507,4,,,0,100,,9508,4,,,0,100,,9509,4,,,0,100,,9510,4,,,0,100,,9501,4,,,0,100,,9502,4,,,0
5500,'1',616,,9559,4,,,0,30,,9560,4,,,0,70,,9561,4,,,0,30,,9562,4,,,0,70,,9563,4,,,0,30,,9564,4,,,0,70,,9565,4,,,0,30,,9566,4,,,0,70,,9567,4,,,0,30,,9568,4,,,0,70,,9569,4,,,0,30,,9570,4,,,0,70,,9571,4,,,0,30,,9572,4,,,0,70,,9573,4,,,0,30,,9574,4,,,0,70,,9575,4,,,0,30,,9576,4,,,0,71,,9577,4,,,0,30,,9578,4,,,0,70,,9579,4,,,0,30,,9580,4,,,0,70,,9581,4,,,0,30,,9582,4,,,0,70,,9583,4,,,0,84,,9584,4,,,0,100,,9585,4,,,0,100,,9586,4,,,0,100,,9587,4,,,0,100,,9588,4,,,0,100,,9589,4,,,0
5500,'13301',2501,,9592,4,,,0,100,,9593,4,,,0,100,,9594,4,,,0
5500,'2',709,,12322,4,,,0,100,,12323,4,,,0,100,,12324,4,,,0,100,,12325,4,,,0,97,,12326,4,,,0,30,,12327,4,,,0,80,,12328,4,,,0,40,,12329,4,,,0,80,,12330,4,,,0,80,,12331,4,,,0,40,,12332,4,,,0,80,,12333,4,,,0,80,,12334,4,,,0,40,,12335,4,,,0,80,,12336,4,,,0,80,,12337,4,,,0,40,,12338,4,,,0,153,,12339,4,,,0,100,,12340,4,,,0,100,,12341,4,,,0,100,,12342,4,,,0,100,,12343,4,,,0
5500,'3',909,,9595,4,,,0,100,,9596,4,,,0,100,,9597,4,,,0,100,,9598,4,,,0,100,,9599,4,,,0,100,,9600,4,,,0,100,,9601,4,,,0,100,,9602,4,,,0,100,,9603,4,,,0,100,,9604,4,,,0,100,,9605,4,,,0,100,,9606,4,,,0,100,,9607,4,,,0
