1600,'1',630,,7990,9,,,0,72,,7991,9,,,0,32,,7992,9,,,0,72,,7993,9,,,0,32,,7994,9,,,0,72,,7995,9,,,0,32,,7996,9,,,0,72,,7997,9,,,0,32,,7998,9,,,0,72,,7999,9,,,0,32,,8000,9,,,0,72,,8010,9,,,0,32,,8011,9,,,0,72,,8001,9,,,0,32,,8002,9,,,0,72,,8003,9,,,0,72,,8004,9,,,0,32,,8005,9,,,0,72,,8006,9,,,0,32,,8007,9,,,0,72,,8008,9,,,0,32,,8012,9,,,0,72,,8009,9,,,0,32,,8013,9,,,0,75,,8014,9,,,0,100,,8015,9,,,0,100,,8016,9,,,0,100,,8017,9,,,0,100,,8018,9,,,0,100,,8019,9,,,0
1600,'13301',2521,,8020,9,,,0,100,,8021,9,,,0,100,,8022,9,,,0
1600,'2',624,,11583,9,,,0,100,,11584,9,,,0,100,,11585,9,,,0,100,,11586,9,,,0,100,,11587,9,,,0,103,,11588,9,,,0,74,,11589,9,,,0,32,,11590,9,,,0,72,,11591,9,,,0,32,,11592,9,,,0,72,,11593,9,,,0,32,,11594,9,,,0,72,,11595,9,,,0,32,,11596,9,,,0,72,,11597,9,,,0,32,,11598,9,,,0,72,,11599,9,,,0,32,,11600,9,,,0,72,,11601,9,,,0,31,,11602,9,,,0,100,,11603,9,,,0,100,,11604,9,,,0,100,,11605,9,,,0,100,,11606,9,,,0,100,,11607,9,,,0
1600,'3',820,,8036,9,,,0,100,,8023,9,,,0,100,,8024,9,,,0,100,,8025,9,,,0,100,,8026,9,,,0,100,,8027,9,,,0,100,,8028,9,,,0,100,,8029,9,,,0,100,,8030,9,,,0,100,,8031,9,,,0,100,,8032,9,,,0,100,,8033,9,,,0,100,,8034,9,,,0,101,,8035,9,,,0
1701,'1',600,,8256,19,0,7,0,22,,8225,19,0,7,0,20,,8226,19,0,7,0,60,,8227,19,0,7,0,20,,8228,19,0,7,0,20,,8229,19,0,7,0,60,,8230,19,0,7,0,20,,8231,19,0,7,0,20,,8232,19,0,7,0,60,,8233,19,0,7,0,20,,8234,19,0,7,0,19,,8244,19,0,7,0,75,,8245,19,0,7,0,25,,8246,19,0,7,0,70,,8247,19,0,7,0,35,,8248,19,0,7,0,70,,8249,19,0,7,0,30,,8250,19,0,7,0,70,,8251,19,0,7,0,30,,8252,19,0,7,0,70,,8253,19,0,7,0,30,,8254,19,0,7,0,58,,8255,19,0,7,0,21,,8235,19,0,7,0,20,,8236,19,0,7,0,60,,8237,19,0,7,0,20,,8238,19,0,7,0,20,,8239,19,0,7,0,60,,8240,19,0,7,0,20,,8241,19,0,7,0,20,,8242,19,0,7,0,60,,8243,19,0,7,0,20,,8282,19,0,7,0,20,,8265,19,0,7,0,77,,8257,19,0,7,0,85,,8258,19,0,7,0,45,,8259,19,0,7,0,85,,8260,19,0,7,0,85,,8261,19,0,7,0,85,,8262,19,0,7,0,45,,8263,19,0,7,0,85,,8264,19,0,7,0
1701,'13301',2522,,8307,19,0,7,0,85,,8308,19,0,7,0,45,,8309,19,0,7,0,85,,8310,19,0,7,0
1701,'14001',730,,8315,19,0,7,0,20,,8316,19,0,7,0,60,,8317,19,0,7,0,20,,8318,19,0,7,0,20,,8319,19,0,7,0,60,,8320,19,0,7,0,20,,8321,19,0,7,0,20,,8322,19,0,7,0,603,,8330,19,0,7,0,60,,8323,19,0,7,0,20,,8324,19,0,7,0,20,,8325,19,0,7,0,60,,8326,19,0,7,0,20,,8327,19,0,7,0,20,,8328,19,0,7,0,60,,8329,19,0,7,0
1701,'2',602,,11721,19,0,7,0,52,,11692,19,0,7,0,85,,11693,19,0,7,0,85,,11694,19,0,7,0,85,,11695,19,0,7,0,45,,11696,19,0,7,0,85,,11697,19,0,7,0,85,,11698,19,0,7,0,85,,11699,19,0,7,0,30,,11700,19,0,7,0,70,,11701,19,0,7,0,30,,11702,19,0,7,0,70,,11703,19,0,7,0,30,,11704,19,0,7,0,70,,11705,19,0,7,0,30,,11706,19,0,7,0,70,,11707,19,0,7,0,30,,11708,19,0,7,0,70,,11709,19,0,7,0,30,,11710,19,0,7,0,70,,11711,19,0,7,0,30,,11712,19,0,7,0,70,,11715,19,0,7,0,30,,11713,19,0,7,0,85,,11717,19,0,7,0,85,,11714,19,0,7,0,45,,11719,19,0,7,0,85,,11716,19,0,7,0,85,,11720,19,0,7,0,85,,11718,19,0,7,0
1701,'3',909,,8347,19,0,7,0,45,,8331,19,0,7,0,85,,8332,19,0,7,0,85,,8333,19,0,7,0,85,,8334,19,0,7,0,45,,8335,19,0,7,0,85,,8336,19,0,7,0,85,,8337,19,0,7,0,85,,8338,19,0,7,0,45,,8339,19,0,7,0,85,,8340,19,0,7,0,85,,8341,19,0,7,0,85,,8342,19,0,7,0,45,,8343,19,0,7,0,85,,8344,19,0,7,0,85,,8345,19,0,7,0,85,,8346,19,0,7,0
4300,'1',622,,9119,9,,,0,30,,9120,9,,,0,67,,9121,9,,,0,30,,9122,9,,,0,70,,9123,9,,,0,30,,9124,9,,,0,69,,9125,9,,,0,27,,9126,9,,,0,70,,9127,9,,,0,30,,9128,9,,,0,70,,9129,9,,,0,30,,9130,9,,,0,70,,9131,9,,,0,30,,9132,9,,,0,70,,9133,9,,,0,30,,9134,9,,,0,70,,9135,9,,,0,30,,9136,9,,,0,68,,9137,9,,,0,30,,9138,9,,,0,70,,9139,9,,,0,30,,9140,9,,,0,70,,9141,9,,,0,30,,9142,9,,,0,70,,9143,9,,,0,28,,9144,9,,,0,70,,9145,9,,,0,100,,9146,9,,,0,100,,9147,9,,,0,100,,9148,9,,,0,100,,9149,9,,,0,100,,9150,9,,,0
4300,'13301',2511,,9151,9,,,0,100,,9152,9,,,0,100,,9153,9,,,0
4300,'2',641,,12115,9,,,0,100,,12116,9,,,0,100,,12117,9,,,0,100,,12118,9,,,0,100,,12119,9,,,0,70,,12133,9,,,0,30,,12120,9,,,0,70,,12134,9,,,0,30,,12121,9,,,0,70,,12135,9,,,0,30,,12122,9,,,0,70,,12136,9,,,0,30,,12123,9,,,0,70,,12137,9,,,0,30,,12124,9,,,0,70,,12138,9,,,0,30,,12125,9,,,0,70,,12139,9,,,0,30,,12126,9,,,0,70,,12140,9,,,0,30,,12127,9,,,0,100,,12128,9,,,0,100,,12129,9,,,0,100,,12130,9,,,0,100,,12131,9,,,0,100,,12132,9,,,0
4300,'3',841,,9154,9,,,0,100,,9155,9,,,0,100,,9156,9,,,0,100,,9157,9,,,0,100,,9158,9,,,0,100,,9159,9,,,0,100,,9160,9,,,0,100,,9161,9,,,0,100,,9162,9,,,0,100,,9163,9,,,0,100,,9164,9,,,0,100,,9165,9,,,0,100,,9166,9,,,0,100,,9167,9,,,0
4400,'1',629,,9221,9,,,0,30,,9222,9,,,0,67,,9223,9,,,0,30,,9224,9,,,0,70,,9225,9,,,0,30,,9226,9,,,0,69,,9227,9,,,0,28,,9228,9,,,0,70,,9229,9,,,0,30,,9230,9,,,0,70,,9231,9,,,0,30,,9232,9,,,0,70,,9233,9,,,0,30,,9234,9,,,0,70,,9235,9,,,0,30,,9236,9,,,0,70,,9237,9,,,0,30,,9238,9,,,0,68,,9239,9,,,0,30,,9240,9,,,0,70,,9241,9,,,0,30,,9242,9,,,0,70,,9243,9,,,0,30,,9244,9,,,0,100,,9245,9,,,0,100,,9246,9,,,0,100,,9247,9,,,0,100,,9248,9,,,0,100,,9249,9,,,0,101,,9250,9,,,0
4400,'13301',2451,,9251,9,,,0,100,,9252,9,,,0,100,,9253,9,,,0
4400,'2',721,,12176,9,,,0,100,,12175,9,,,0,100,,12174,9,,,0,100,,12173,9,,,0,100,,12178,9,,,0,30,,12179,9,,,0,70,,12180,9,,,0,30,,12181,9,,,0,70,,12182,9,,,0,30,,12183,9,,,0,70,,12184,9,,,0,30,,12185,9,,,0,70,,12186,9,,,0,30,,12187,9,,,0,70,,12188,9,,,0,30,,12189,9,,,0,70,,12190,9,,,0,30,,12191,9,,,0,70,,12192,9,,,0,30,,12193,9,,,0,70,,12172,9,,,0,100,,12171,9,,,0,100,,12170,9,,,0,100,,12169,9,,,0,100,,12168,9,,,0,100,,12167,9,,,0
4400,'3',921,,9266,9,,,0,100,,9265,9,,,0,100,,9261,9,,,0,100,,9260,9,,,0,100,,9259,9,,,0,100,,9258,9,,,0,100,,9257,9,,,0,100,,9256,9,,,0,100,,9255,9,,,0,100,,9254,9,,,0,100,,9264,9,,,0,100,,9263,9,,,0,100,,9262,9,,,0
4500,'1',607,,9318,9,,,0,29,,9319,9,,,0,67,,9320,9,,,0,30,,9321,9,,,0,70,,9322,9,,,0,30,,9323,9,,,0,70,,9324,9,,,0,29,,9325,9,,,0,70,,9326,9,,,0,30,,9327,9,,,0,70,,9328,9,,,0,30,,9329,9,,,0,70,,9330,9,,,0,30,,9331,9,,,0,70,,9332,9,,,0,30,,9333,9,,,0,70,,9334,9,,,0,30,,9335,9,,,0,70,,9336,9,,,0,27,,9337,9,,,0,30,,9338,9,,,0,70,,9339,9,,,0,30,,9340,9,,,0,70,,9341,9,,,0,93,,9342,9,,,0,109,,9343,9,,,0,100,,9344,9,,,0,100,,9345,9,,,0,100,,9346,9,,,0,100,,9347,9,,,0
4500,'13301',2431,,9348,9,,,0,100,,9349,9,,,0,100,,9350,9,,,0
4500,'2',701,,12230,9,,,0,100,,12229,9,,,0,100,,12228,9,,,0,100,,12227,9,,,0,100,,12221,9,,,0,30,,12232,9,,,0,70,,12233,9,,,0,30,,12234,9,,,0,70,,12235,9,,,0,30,,12236,9,,,0,70,,12237,9,,,0,30,,12238,9,,,0,70,,12239,9,,,0,30,,12240,9,,,0,70,,12241,9,,,0,30,,12242,9,,,0,70,,12243,9,,,0,30,,12244,9,,,0,70,,12245,9,,,0,30,,12246,9,,,0,70,,12247,9,,,0,100,,12226,9,,,0,100,,12225,9,,,0,100,,12224,9,,,0,100,,12223,9,,,0,100,,12222,9,,,0
4500,'3',901,,9363,9,,,0,100,,9362,9,,,0,100,,9351,9,,,0,100,,9361,9,,,0,100,,9360,9,,,0,100,,9359,9,,,0,100,,9358,9,,,0,100,,9357,9,,,0,100,,9356,9,,,0,100,,9355,9,,,0,100,,9354,9,,,0,101,,9353,9,,,0,99,,9352,9,,,0
4600,'1',614,,9412,9,,,0,29,,9413,9,,,0,67,,9414,9,,,0,30,,9415,9,,,0,70,,9416,9,,,0,30,,9417,9,,,0,71,,9418,9,,,0,29,,9419,9,,,0,70,,9420,9,,,0,30,,9421,9,,,0,70,,9422,9,,,0,30,,9423,9,,,0,70,,9424,9,,,0,30,,9425,9,,,0,70,,9426,9,,,0,30,,9427,9,,,0,70,,9428,9,,,0,29,,9429,9,,,0,66,,9430,9,,,0,30,,9431,9,,,0,70,,9432,9,,,0,30,,9433,9,,,0,70,,9434,9,,,0,30,,9435,9,,,0,70,,9436,9,,,0
