800,'1',633,,7100,19,,,0,10,,7104,19,,,0,10,,7108,19,,,0,50,,7111,19,,,0,10,,7114,19,,,0,13,,7101,19,,,0,10,,7105,19,,,0,10,,7109,19,,,0,10,,7112,19,,,0,50,,7115,19,,,0,10,,7102,19,,,0,10,,7106,19,,,0,10,,7110,19,,,0,10,,7113,19,,,0,10,,7116,19,,,0,50,,7103,19,,,0,10,,7107,19,,,0,9,,7117,19,,,0,10,,7125,19,,,0,10,,7132,19,,,0,10,,7139,19,,,0,50,,7146,19,,,0,10,,7118,19,,,0,10,,7126,19,,,0,10,,7133,19,,,0,10,,7140,19,,,0,10,,7147,19,,,0,50,,7119,19,,,0,10,,7127,19,,,0,10,,7134,19,,,0,10,,7141,19,,,0,10,,7148,19,,,0,10,,7120,19,,,0,50,,7128,19,,,0,10,,7135,19,,,0,10,,7142,19,,,0,10,,7149,19,,,0,10,,7121,19,,,0,10,,7129,19,,,0,50,,7136,19,,,0,10,,7143,19,,,0,10,,7150,19,,,0,10,,7122,19,,,0,10,,7130,19,,,0,10,,7137,19,,,0,50,,7144,19,,,0,10,,7151,19,,,0,10,,7123,19,,,0,10,,7131,19,,,0,10,,7138,19,,,0,10,,7145,19,,,0,50,,7152,19,,,0,10,,7124,19,,,0,13,,7153,19,,,0,10,,7157,19,,,0,10,,7161,19,,,0,10,,7165,19,,,0,50,,7168,19,,,0,10,,7154,19,,,0,10,,7158,19,,,0,10,,7162,19,,,0,10,,7166,19,,,0,10,,7169,19,,,0,50,,7155,19,,,0,10,,7159,19,,,0,10,,7163,19,,,0,10,,7167,19,,,0,10,,7170,19,,,0,10,,7156,19,,,0,50,,7160,19,,,0,10,,7164,19,,,0,10,,7171,19,,,0,10,,7172,19,,,0,10,,7173,19,,,0,6,,7174,19,,,0,52,,7175,19,,,0,22,,7176,19,,,0,22,,7177,19,,,0,62,,7178,19,,,0,22,,7179,19,,,0,22,,7180,19,,,0,60,,7181,19,,,0,22,,7182,19,,,0,62,,7183,19,,,0,22,,7184,19,,,0,22,,7185,19,,,0,62,,7186,19,,,0,22,,7187,19,,,0,22,,7188,19,,,0,62,,7189,19,,,0,22,,7190,19,,,0
800,'13301',2456,,7191,19,,,0,62,,7192,19,,,0,22,,7193,19,,,0,62,,7194,19,,,0,22,,7195,19,,,0,22,,7196,19,,,0,62,,7197,19,,,0,22,,7198,19,,,0
800,'3',904,,7199,19,,,0,22,,7200,19,,,0,22,,7201,19,,,0,62,,7202,19,,,0,22,,7203,19,,,0,22,,7204,19,,,0,62,,7205,19,,,0,22,,7206,19,,,0,62,,7207,19,,,0,22,,7208,19,,,0,22,,7209,19,,,0,62,,7210,19,,,0,22,,7211,19,,,0,22,,7212,19,,,0,62,,7213,19,,,0,22,,7214,19,,,0,22,,7215,19,,,0,62,,7216,19,,,0,22,,7217,19,,,0,62,,7218,19,,,0,22,,7219,19,,,0,22,,7220,19,,,0,62,,7221,19,,,0,22,,7222,19,,,0,22,,7223,19,,,0,62,,7224,19,,,0,22,,7225,19,,,0,22,,7226,19,,,0,62,,7227,19,,,0,22,,7228,19,,,0,62,,7229,19,,,0,22,,7230,19,,,0,22,,7231,19,,,0,62,,7232,19,,,0,22,,7233,19,,,0
5000,'1',638,,9463,5,,,0,70,,9464,5,,,0,30,,9465,5,,,0,70,,9466,5,,,0,30,,9467,5,,,0,70,,9468,5,,,0,30,,9469,5,,,0,70,,9470,5,,,0,30,,9471,5,,,0,70,,9472,5,,,0,30,,9473,5,,,0,70,,9474,5,,,0,30,,9475,5,,,0,70,,9476,5,,,0,30,,9477,5,,,0,70,,9478,5,,,0,30,,9479,5,,,0,72,,9480,5,,,0,30,,9481,5,,,0,70,,9482,5,,,0,30,,9483,5,,,0,70,,9484,5,,,0,30,,9485,5,,,0,70,,9486,5,,,0,28,,9487,5,,,0,100,,9488,5,,,0,100,,9489,5,,,0,100,,9490,5,,,0,100,,9491,5,,,0,100,,9492,5,,,0
5000,'13301',2438,,9495,5,,,0,100,,9496,5,,,0,100,,9497,5,,,0
5000,'3',946,,9499,5,,,0,100,,9500,5,,,0,100,,9503,5,,,0,100,,9504,5,,,0,100,,9505,5,,,0,100,,9506,5,,,0,100,,9507,5,,,0,100,,9508,5,,,0,100,,9509,5,,,0,100,,9510,5,,,0,100,,9501,5,,,0,100,,9502,5,,,0
5500,'1',623,,9559,5,,,0,30,,9560,5,,,0,70,,9561,5,,,0,30,,9562,5,,,0,70,,9563,5,,,0,30,,9564,5,,,0,70,,9565,5,,,0,30,,9566,5,,,0,70,,9567,5,,,0,30,,9568,5,,,0,70,,9569,5,,,0,30,,9570,5,,,0,70,,9571,5,,,0,30,,9572,5,,,0,70,,9573,5,,,0,30,,9574,5,,,0,70,,9575,5,,,0,30,,9576,5,,,0,72,,9577,5,,,0,30,,9578,5,,,0,70,,9579,5,,,0,30,,9580,5,,,0,70,,9581,5,,,0,30,,9582,5,,,0,70,,9583,5,,,0,83,,9584,5,,,0,100,,9585,5,,,0,100,,9586,5,,,0,100,,9587,5,,,0,100,,9588,5,,,0,100,,9589,5,,,0
5500,'13301',2508,,9592,5,,,0,100,,9593,5,,,0,100,,9594,5,,,0
5500,'3',916,,9595,5,,,0,100,,9596,5,,,0,100,,9597,5,,,0,100,,9598,5,,,0,100,,9599,5,,,0,100,,9600,5,,,0,100,,9601,5,,,0,100,,9602,5,,,0,100,,9603,5,,,0,100,,9604,5,,,0,100,,9605,5,,,0,100,,9606,5,,,0,99,,9607,5,,,0
122501,'13803',1134,,10625,5,0,29 2 10 12,0,100,,10626,5,0,29 2 10 12,0,100,,10627,5,0,29 2 10 12,0,100,,10628,5,0,29 2 10 12,0,100,,10629,5,0,29 2 10 12,0,100,,10630,5,0,29 2 10 12,0,100,,10631,5,0,29 2 10 12,0
