5001,'1',615,,9539,17,,,0,30,,9540,17,,,0,70,,9511,17,,,0,30,,9512,17,,,0,70,,9513,17,,,0,30,,9514,17,,,0,70,,9515,17,,,0,30,,9516,17,,,0,70,,9517,17,,,0,30,,9518,17,,,0,70,,9519,17,,,0,30,,9520,17,,,0,70,,9521,17,,,0,30,,9522,17,,,0,70,,9523,17,,,0,30,,9524,17,,,0,70,,9525,17,,,0,30,,9526,17,,,0,75,,9527,17,,,0,26,,9528,17,,,0,70,,9529,17,,,0,30,,9530,17,,,0,70,,9531,17,,,0,30,,9532,17,,,0,70,,9533,17,,,0,30,,9541,17,,,0,69,,9534,17,,,0,100,,9535,17,,,0,100,,9536,17,,,0,100,,9537,17,,,0,100,,9538,17,,,0,100,,9542,17,,,0
5001,'13301',2515,,9543,17,,,0,100,,9544,17,,,0,100,,9545,17,,,0
5001,'2',620,,12298,17,,,0,100,,12299,17,,,0,100,,12300,17,,,0,100,,12301,17,,,0,100,,12302,17,,,0,96,,12303,17,,,0,40,,12304,17,,,0,80,,12305,17,,,0,80,,12306,17,,,0,40,,12307,17,,,0,80,,12308,17,,,0,80,,12309,17,,,0,40,,12310,17,,,0,80,,12311,17,,,0,80,,12312,17,,,0,40,,12313,17,,,0,80,,12314,17,,,0,84,,12315,17,,,0,100,,12316,17,,,0,100,,12317,17,,,0,100,,12318,17,,,0,100,,12319,17,,,0,106,,12320,17,,,0
5001,'3',923,,9549,17,,,0,100,,9550,17,,,0,100,,9551,17,,,0,100,,9552,17,,,0,100,,9553,17,,,0,100,,9554,17,,,0,100,,9555,17,,,0,100,,9556,17,,,0,100,,9557,17,,,0,100,,9558,17,,,0,100,,9546,17,,,0,100,,9547,17,,,0,99,,9548,17,,,0
5501,'1',601,,9638,18,,,0,30,,9637,18,,,0,70,,9608,18,,,0,30,,9609,18,,,0,70,,9610,18,,,0,30,,9611,18,,,0,70,,9612,18,,,0,30,,9613,18,,,0,70,,9614,18,,,0,30,,9615,18,,,0,70,,9616,18,,,0,30,,9617,18,,,0,70,,9618,18,,,0,30,,9619,18,,,0,70,,9620,18,,,0,30,,9621,18,,,0,70,,9622,18,,,0,30,,9623,18,,,0,70,,9624,18,,,0,34,,9625,18,,,0,70,,9626,18,,,0,30,,9627,18,,,0,70,,9628,18,,,0,30,,9629,18,,,0,70,,9630,18,,,0,30,,9631,18,,,0,70,,9639,18,,,0,40,,9632,18,,,0,100,,9633,18,,,0,100,,9634,18,,,0,100,,9635,18,,,0,100,,9636,18,,,0
5501,'13301',2545,,9640,18,,,0,100,,9641,18,,,0,100,,9642,18,,,0
5501,'2',654,,12365,18,,,0,100,,12344,18,,,0,100,,12345,18,,,0,100,,12346,18,,,0,100,,12347,18,,,0,91,,12348,18,,,0,75,,12349,18,,,0,80,,12350,18,,,0,40,,12351,18,,,0,80,,12352,18,,,0,80,,12353,18,,,0,40,,12354,18,,,0,80,,12355,18,,,0,80,,12356,18,,,0,40,,12357,18,,,0,80,,12358,18,,,0,38,,12359,18,,,0,96,,12360,18,,,0,100,,12361,18,,,0,100,,12362,18,,,0,100,,12363,18,,,0,100,,12364,18,,,0
5501,'3',954,,9643,18,,,0,100,,9644,18,,,0,100,,9645,18,,,0,100,,9646,18,,,0,100,,9647,18,,,0,100,,9648,18,,,0,100,,9649,18,,,0,100,,9650,18,,,0,100,,9651,18,,,0,100,,9652,18,,,0,100,,9653,18,,,0,100,,9654,18,,,0,94,,9655,18,,,0
8401,'1',549,,10298,16,,,0,79,,10299,16,,,0,28,,10300,16,,,0,73,,10301,16,,,0,28,,10302,16,,,0,68,,10303,16,,,0,28,,10304,16,,,0,67,,10305,16,,,0,27,,10306,16,,,0,75,,10307,16,,,0,35,,10308,16,,,0,75,,10309,16,,,0,75,,10310,16,,,0,35,,10311,16,,,0,75,,10312,16,,,0,35,,10313,16,,,0,75,,10314,16,,,0,73,,10315,16,,,0,37,,10316,16,,,0,73,,10317,16,,,0,27,,10318,16,,,0,68,,10319,16,,,0,28,,10320,16,,,0,68,,10321,16,,,0,28,,10322,16,,,0,24,,10323,16,,,0,80,,10324,16,,,0,80,,10325,16,,,0,40,,10326,16,,,0,80,,10327,16,,,0,80,,10328,16,,,0,40,,10329,16,,,0,80,,10330,16,,,0,80,,10331,16,,,0
8401,'13301',2453,,10332,16,,,0,80,,10333,16,,,0,80,,10334,16,,,0,40,,10335,16,,,0,80,,10336,16,,,0
8401,'2',706,,12672,16,,,0,40,,12673,16,,,0,80,,12674,16,,,0,80,,12675,16,,,0,40,,12676,16,,,0,80,,12677,16,,,0,80,,12678,16,,,0,40,,12679,16,,,0,65,,12680,16,,,0,21,,12681,16,,,0,69,,12682,16,,,0,25,,12683,16,,,0,25,,12684,16,,,0,65,,12685,16,,,0,25,,12686,16,,,0,65,,12687,16,,,0,25,,12688,16,,,0,25,,12689,16,,,0,65,,12690,16,,,0,25,,12691,16,,,0,65,,12692,16,,,0,25,,12693,16,,,0,65,,12694,16,,,0,25,,12695,16,,,0,25,,12696,16,,,0,67,,12697,16,,,0,40,,12698,16,,,0,80,,12699,16,,,0,80,,12700,16,,,0,40,,12701,16,,,0,80,,12702,16,,,0,80,,12703,16,,,0,40,,12704,16,,,0
8401,'3',851,,10337,16,,,0,80,,10338,16,,,0,80,,10339,16,,,0,40,,10340,16,,,0,80,,10341,16,,,0,80,,10342,16,,,0,40,,10343,16,,,0,80,,10344,16,,,0,80,,10345,16,,,0,40,,10346,16,,,0,80,,10347,16,,,0,80,,10348,16,,,0,40,,10349,16,,,0,80,,10350,16,,,0,80,,10351,16,,,0,40,,10352,16,,,0,80,,10353,16,,,0,80,,10354,16,,,0,40,,10355,16,,,0,80,,10356,16,,,0
