300,'1',649,,6493,4,,,0,70,,6494,4,,,0,30,,6495,4,,,0,70,,6496,4,,,0,30,,6497,4,,,0,70,,6498,4,,,0,30,,6499,4,,,0,70,,6500,4,,,0,30,,6501,4,,,0,70,,6502,4,,,0,30,,6503,4,,,0,70,,6504,4,,,0,30,,6505,4,,,0,70,,6506,4,,,0,30,,6507,4,,,0,70,,6508,4,,,0,30,,6509,4,,,0,70,,6510,4,,,0,30,,6511,4,,,0,70,,6492,4,,,0,30,,6491,4,,,0,70,,6490,4,,,0,30,,6482,4,,,0,70,,6483,4,,,0,30,,6484,4,,,0,100,,6485,4,,,0,100,,6486,4,,,0,100,,6487,4,,,0,100,,6488,4,,,0,101,,6489,4,,,0
300,'13301',2449,,6514,4,,,0,100,,6515,4,,,0,100,,6516,4,,,0
300,'3',849,,6529,4,,,0,100,,6528,4,,,0,100,,6527,4,,,0,100,,6526,4,,,0,100,,6525,4,,,0,100,,6524,4,,,0,100,,6523,4,,,0,100,,6522,4,,,0,100,,6521,4,,,0,100,,6520,4,,,0,100,,6519,4,,,0,100,,6518,4,,,0,100,,6517,4,,,0
6001,'1',619,,9708,5,,,0,30,,9732,5,,,0,63,,9740,5,,,0,7,,9731,5,,,0,23,,9741,5,,,0,7,,9730,5,,,0,63,,9742,5,,,0,7,,9729,5,,,0,30,,9728,5,,,0,70,,9727,5,,,0,30,,9726,5,,,0,70,,9725,5,,,0,30,,9724,5,,,0,70,,9723,5,,,0,30,,9722,5,,,0,70,,9721,5,,,0,30,,9720,5,,,0,70,,9719,5,,,0,30,,9718,5,,,0,70,,9717,5,,,0,30,,9716,5,,,0,70,,9715,5,,,0,30,,9714,5,,,0,70,,9713,5,,,0,23,,9743,6,,,0,7,,9712,5,,,0,8,,9744,6,,,0,62,,9738,5,,,0,30,,9739,5,,,0,70,,9711,5,,,0,100,,9710,5,,,0,100,,9733,5,,,0,100,,9734,5,,,0,100,,9735,5,,,0,100,,9736,5,,,0,100,,9737,5,,,0
6001,'1201',1557,,9746,6,,,0,55,,9745,6,,,0
6001,'12801',1557,,9747,6,,,0,55,,9748,6,,,0
6001,'13301',2518,,9749,5,,,0,100,,9750,5,,,0,100,,9751,5,,,0
6001,'3',919,,9762,5,,,0,100,,9761,5,,,0,100,,9760,5,,,0,100,,9759,5,,,0,100,,9758,5,,,0,100,,9757,5,,,0,100,,9756,5,,,0,100,,9755,5,,,0,100,,9765,5,,,0,100,,9754,5,,,0,100,,9753,5,,,0,100,,9763,5,,,0,100,,9764,5,,,0
6501,'1',634,,10167,5,,,0,70,,10166,5,,,0,30,,10165,5,,,0,70,,10164,5,,,0,30,,10163,5,,,0,70,,10162,5,,,0,30,,10161,5,,,0,70,,10160,5,,,0,30,,10159,5,,,0,70,,10158,5,,,0,30,,10157,5,,,0,70,,10156,5,,,0,30,,10155,5,,,0,70,,10154,5,,,0,30,,10153,5,,,0,70,,10152,5,,,0,30,,10151,5,,,0,70,,10150,5,,,0,30,,10149,5,,,0,70,,10148,5,,,0,30,,10147,5,,,0,70,,10146,5,,,0,30,,10145,5,,,0,70,,10144,5,,,0,30,,10143,5,,,0,15,,10135,5,,,0,100,,10142,5,,,0,100,,10141,5,,,0,100,,10140,5,,,0,100,,10139,5,,,0,101,,10138,5,,,0
6501,'13301',2449,,10168,5,,,0,100,,10169,5,,,0,100,,10170,5,,,0
6501,'3',849,,10176,5,,,0,100,,10175,5,,,0,100,,10174,5,,,0,100,,10177,5,,,0,100,,10178,5,,,0,100,,10179,5,,,0,100,,10180,5,,,0,100,,10181,5,,,0,100,,10182,5,,,0,100,,10183,5,,,0,100,,10171,5,,,0,100,,10173,5,,,0,100,,10172,5,,,0
