5000,'1',641,,9463,8,,,0,70,,9464,8,,,0,30,,9465,8,,,0,70,,9466,8,,,0,30,,9467,8,,,0,70,,9468,8,,,0,30,,9469,8,,,0,70,,9470,8,,,0,30,,9471,8,,,0,70,,9472,8,,,0,30,,9473,8,,,0,70,,9474,8,,,0,30,,9475,8,,,0,70,,9476,8,,,0,30,,9477,8,,,0,70,,9478,8,,,0,30,,9479,8,,,0,72,,9480,8,,,0,30,,9481,8,,,0,70,,9482,8,,,0,30,,9483,8,,,0,70,,9484,8,,,0,30,,9485,8,,,0,70,,9486,8,,,0,28,,9487,8,,,0,100,,9488,8,,,0,100,,9489,8,,,0,100,,9490,8,,,0,100,,9491,8,,,0,100,,9492,8,,,0
5000,'13301',2441,,9495,8,,,0,100,,9496,8,,,0,100,,9497,8,,,0
5000,'2',649,,12276,8,,,0,100,,12277,8,,,0,100,,12278,8,,,0,100,,12279,8,,,0,100,,12280,8,,,0,77,,12281,8,,,0,80,,12282,8,,,0,40,,12283,8,,,0,80,,12284,8,,,0,80,,12285,8,,,0,40,,12286,8,,,0,80,,12287,8,,,0,80,,12288,8,,,0,40,,12289,8,,,0,80,,12290,8,,,0,80,,12291,8,,,0,40,,12292,8,,,0,103,,12293,8,,,0,100,,12294,8,,,0,100,,12295,8,,,0,100,,12296,8,,,0,100,,12297,8,,,0
5000,'3',949,,9499,8,,,0,100,,9500,8,,,0,100,,9503,8,,,0,100,,9504,8,,,0,100,,9505,8,,,0,100,,9506,8,,,0,100,,9507,8,,,0,100,,9508,8,,,0,100,,9509,8,,,0,100,,9510,8,,,0,100,,9501,8,,,0,100,,9502,8,,,0
5500,'1',624,,9559,8,,,0,30,,9560,8,,,0,70,,9561,8,,,0,30,,9562,8,,,0,70,,9563,8,,,0,30,,9564,8,,,0,70,,9565,8,,,0,30,,9566,8,,,0,70,,9567,8,,,0,30,,9568,8,,,0,70,,9569,8,,,0,30,,9570,8,,,0,70,,9571,8,,,0,30,,9572,8,,,0,70,,9573,8,,,0,30,,9574,8,,,0,70,,9575,8,,,0,30,,9576,8,,,0,73,,9577,8,,,0,30,,9578,8,,,0,70,,9579,8,,,0,30,,9580,8,,,0,70,,9581,8,,,0,30,,9582,8,,,0,70,,9583,8,,,0,82,,9584,8,,,0,100,,9585,8,,,0,100,,9586,8,,,0,100,,9587,8,,,0,100,,9588,8,,,0,100,,9589,8,,,0
5500,'13301',2509,,9592,8,,,0,100,,9593,8,,,0,100,,9594,8,,,0
5500,'2',717,,12322,8,,,0,100,,12323,8,,,0,100,,12324,8,,,0,100,,12325,8,,,0,97,,12326,8,,,0,30,,12327,8,,,0,80,,12328,8,,,0,80,,12329,8,,,0,40,,12330,8,,,0,80,,12331,8,,,0,80,,12332,8,,,0,40,,12333,8,,,0,80,,12334,8,,,0,80,,12335,8,,,0,40,,12336,8,,,0,80,,12337,8,,,0,80,,12338,8,,,0,113,,12339,8,,,0,100,,12340,8,,,0,100,,12341,8,,,0,100,,12342,8,,,0,100,,12343,8,,,0
5500,'3',917,,9595,8,,,0,100,,9596,8,,,0,100,,9597,8,,,0,100,,9598,8,,,0,100,,9599,8,,,0,100,,9600,8,,,0,100,,9601,8,,,0,100,,9602,8,,,0,100,,9603,8,,,0,100,,9604,8,,,0,100,,9605,8,,,0,100,,9606,8,,,0,99,,9607,8,,,0
8400,'1',604,,10240,4,,,0,28,,10241,4,,,0,68,,10242,4,,,0,28,,10243,4,,,0,28,,10244,4,,,0,68,,10245,4,,,0,28,,10246,4,,,0,68,,10247,4,,,0,35,,10248,4,,,0,75,,10249,4,,,0,75,,10250,4,,,0,35,,10251,4,,,0,75,,10252,4,,,0,35,,10253,4,,,0,75,,10254,4,,,0,75,,10255,4,,,0,35,,10256,4,,,0,73,,10257,4,,,0,34,,10258,4,,,0,66,,10259,4,,,0,28,,10260,4,,,0,68,,10261,4,,,0,28,,10262,4,,,0,68,,10263,4,,,0,28,,10264,4,,,0,80,,10265,4,,,0,40,,10266,4,,,0,80,,10267,4,,,0,80,,10268,4,,,0,40,,10269,4,,,0,80,,10270,4,,,0,80,,10271,4,,,0,40,,10272,4,,,0,80,,10273,4,,,0
8400,'13301',2457,,10274,4,,,0,80,,10275,4,,,0,80,,10276,4,,,0,40,,10277,4,,,0
8400,'2',637,,12639,4,,,0,80,,12640,4,,,0,40,,12641,4,,,0,80,,12642,4,,,0,80,,12643,4,,,0,40,,12644,4,,,0,80,,12645,4,,,0,82,,12646,4,,,0,25,,12647,4,,,0,63,,12648,4,,,0,27,,12649,4,,,0,25,,12650,4,,,0,65,,12651,4,,,0,25,,12652,4,,,0,65,,12653,4,,,0,25,,12654,4,,,0,65,,12655,4,,,0,25,,12656,4,,,0,25,,12657,4,,,0,65,,12658,4,,,0,25,,12659,4,,,0,65,,12660,4,,,0,25,,12661,4,,,0,25,,12662,4,,,0,65,,12663,4,,,0,27,,12664,4,,,0,80,,12665,4,,,0,80,,12666,4,,,0,40,,12667,4,,,0,80,,12668,4,,,0,80,,12669,4,,,0,40,,12670,4,,,0,80,,12671,4,,,0
8400,'3',902,,10278,4,,,0,40,,10279,4,,,0,80,,10280,4,,,0,80,,10281,4,,,0,40,,10282,4,,,0,80,,10283,4,,,0,80,,10284,4,,,0,40,,10285,4,,,0,80,,10286,4,,,0,80,,10287,4,,,0,40,,10288,4,,,0,80,,10289,4,,,0,80,,10290,4,,,0,40,,10291,4,,,0,80,,10292,4,,,0,80,,10293,4,,,0,40,,10294,4,,,0,80,,10295,4,,,0,80,,10296,4,,,0,40,,10297,4,,,0
