301,'1',627,,6561,16,,,0,30,,6560,16,,,0,70,,6559,16,,,0,30,,6558,16,,,0,70,,6557,16,,,0,30,,6556,16,,,0,70,,6555,16,,,0,30,,6554,16,,,0,70,,6553,16,,,0,30,,6552,16,,,0,70,,6551,16,,,0,30,,6550,16,,,0,70,,6549,16,,,0,30,,6548,16,,,0,70,,6547,16,,,0,30,,6546,16,,,0,70,,6545,16,,,0,30,,6544,16,,,0,70,,6543,16,,,0,30,,6542,16,,,0,70,,6541,16,,,0,30,,6540,16,,,0,70,,6539,16,,,0,30,,6538,16,,,0,70,,6537,16,,,0,26,,6536,16,,,0,74,,6535,16,,,0,100,,6534,16,,,0,100,,6533,16,,,0,100,,6532,16,,,0,100,,6531,16,,,0,100,,6530,16,,,0
301,'13301',2527,,6562,16,,,0,100,,6563,16,,,0,100,,6564,16,,,0
301,'2',727,,10825,16,,,0,100,,10824,16,,,0,100,,10823,16,,,0,100,,10822,16,,,0,100,,10821,16,,,0,30,,10820,16,,,0,70,,10819,16,,,0,30,,10818,16,,,0,70,,10817,16,,,0,30,,10816,16,,,0,70,,10815,16,,,0,30,,10814,16,,,0,70,,10813,16,,,0,30,,10812,16,,,0,70,,10811,16,,,0,30,,10810,16,,,0,70,,10809,16,,,0,30,,10808,16,,,0,70,,10807,16,,,0,26,,10806,16,,,0,74,,10805,16,,,0,100,,10804,16,,,0,100,,10803,16,,,0,100,,10802,16,,,0,100,,10801,16,,,0,100,,10800,16,,,0
301,'3',927,,6577,16,,,0,100,,6576,16,,,0,100,,6575,16,,,0,100,,6574,16,,,0,100,,6573,16,,,0,100,,6572,16,,,0,100,,6571,16,,,0,100,,6570,16,,,0,100,,6569,16,,,0,100,,6568,16,,,0,100,,6567,16,,,0,100,,6566,16,,,0,100,,6565,16,,,0
601,'1',611,,6986,37,0,18 19,0,30,,6987,37,0,18 19,0,70,,6955,37,0,18 19,0,30,,6956,37,0,18 19,0,70,,6957,37,0,18 19,0,30,,6958,37,0,18 19,0,70,,6959,37,0,18 19,0,30,,6960,37,0,18 19,0,70,,6961,37,0,18 19,0,30,,6962,37,0,18 19,0,70,,6963,37,0,18 19,0,30,,6964,37,0,18 19,0,70,,6965,37,0,18 19,0,30,,6966,37,0,18 19,0,70,,6967,37,0,18 19,0,30,,6968,37,0,18 19,0,70,,6969,37,0,18 19,0,30,,6970,37,0,18 19,0,70,,6971,37,0,18 19,0,30,,6972,37,0,18 19,0,70,,6973,37,0,18 19,0,30,,6974,37,0,18 19,0,70,,6975,37,0,18 19,0,30,,6976,37,0,18 19,0,70,,6977,37,0,18 19,0,30,,6978,37,0,18 19,0,70,,6979,37,0,18 19,0,30,,6980,37,0,18 19,0,100,,6981,37,0,18 19,0,100,,6982,37,0,18 19,0,100,,6983,37,0,18 19,0,100,,6984,37,0,18 19,0,95,,6985,37,0,18 19,0
601,'13301',2541,,6988,37,0,18 19,0,100,,6989,37,0,18 19,0,100,,6990,37,0,18 19,0
601,'2',641,,11016,37,0,18 19,0,100,,11017,37,0,18 19,0,100,,11018,37,0,18 19,0,100,,11019,37,0,18 19,0,100,,11020,37,0,18 19,0,100,,11021,37,0,18 19,0,70,,11022,37,0,18 19,0,30,,11023,37,0,18 19,0,70,,11024,37,0,18 19,0,30,,11025,37,0,18 19,0,70,,11026,37,0,18 19,0,30,,11027,37,0,18 19,0,70,,11028,37,0,18 19,0,30,,11029,37,0,18 19,0,70,,11030,37,0,18 19,0,30,,11031,37,0,18 19,0,70,,11032,37,0,18 19,0,30,,11033,37,0,18 19,0,70,,11034,37,0,18 19,0,30,,11035,37,0,18 19,0,70,,11036,37,0,18 19,0,30,,11037,37,0,18 19,0,100,,11038,37,0,18 19,0,100,,11039,37,0,18 19,0,100,,11040,37,0,18 19,0,100,,11041,37,0,18 19,0,95,,11042,37,0,18 19,0
601,'3',841,,6991,37,0,18 19,0,100,,6992,37,0,18 19,0,100,,6993,37,0,18 19,0,100,,6994,37,0,18 19,0,100,,6995,37,0,18 19,0,100,,6996,37,0,18 19,0,100,,6997,37,0,18 19,0,100,,6998,37,0,18 19,0,100,,6999,37,0,18 19,0,100,,7000,37,0,18 19,0,100,,7001,37,0,18 19,0,100,,7002,37,0,18 19,0,100,,7003,37,0,18 19,0,95,,7004,37,0,18 19,0
1900,'1',613,,8466,35,,,0,30,,8467,35,,,0,70,,8468,35,,,0,30,,8469,35,,,0,70,,8470,35,,,0,30,,8497,35,,,0,70,,8471,35,,,0,30,,8472,35,,,0,70,,8473,35,,,0,30,,8474,35,,,0,70,,8475,35,,,0,30,,8476,35,,,0,70,,8477,35,,,0,30,,8478,35,,,0,70,,8479,35,,,0,30,,8480,35,,,0,70,,8481,35,,,0,30,,8482,35,,,0,70,,8483,35,,,0,30,,8484,35,,,0,70,,8485,35,,,0,30,,8486,35,,,0,70,,8487,35,,,0,30,,8488,35,,,0,70,,8489,35,,,0,30,,8490,35,,,0,70,,8491,35,,,0,100,,8492,35,,,0,100,,8493,35,,,0,100,,8494,35,,,0,100,,8495,35,,,0,100,,8496,35,,,0
1900,'13301',2514,,8498,35,,,0,100,,8499,35,,,0,100,,8500,35,,,0
1900,'2',713,,11827,35,,,0,100,,11826,35,,,0,100,,11825,35,,,0,100,,11824,35,,,0,100,,11823,35,,,0,30,,11822,35,,,0,70,,11821,35,,,0,30,,11820,35,,,0,70,,11819,35,,,0,30,,11818,35,,,0,70,,11817,35,,,0,30,,11816,35,,,0,70,,11815,35,,,0,30,,11814,35,,,0,70,,11813,35,,,0,30,,11812,35,,,0,70,,11811,35,,,0,30,,11810,35,,,0,70,,11809,35,,,0,30,,11808,35,,,0,70,,11807,35,,,0,100,,11806,35,,,0,100,,11805,35,,,0,100,,11804,35,,,0,100,,11803,35,,,0,100,,11802,35,,,0
1900,'3',913,,8514,35,,,0,100,,8513,35,,,0,100,,8512,35,,,0,100,,8511,35,,,0,100,,8510,35,,,0,100,,8509,35,,,0,100,,8508,35,,,0,100,,8507,35,,,0,100,,8506,35,,,0,100,,8505,35,,,0,100,,8504,35,,,0,100,,8503,35,,,0,100,,8502,35,,,0,43,,8501,24,,,0
6000,'1',641,,9686,18,,,0,70,,9685,18,,,0,30,,9684,18,,,0,70,,9683,18,,,0,30,,9682,18,,,0,70,,9681,18,,,0,30,,9680,18,,,0,70,,9679,18,,,0,30,,9678,18,,,0,70,,9677,18,,,0,30,,9676,18,,,0,70,,9675,18,,,0,30,,9674,18,,,0,70,,9673,18,,,0,30,,9672,18,,,0,70,,9671,18,,,0,30,,9670,18,,,0,70,,9669,18,,,0,30,,9668,18,,,0,70,,9667,18,,,0,30,,9666,18,,,0,70,,9665,18,,,0,30,,9664,18,,,0,70,,9663,18,,,0,30,,9662,18,,,0,70,,9687,18,,,0,100,,9661,18,,,0,100,,9660,18,,,0,100,,9659,18,,,0,100,,9658,18,,,0,100,,9657,18,,,0
6000,'13301',2510,,9691,18,,,0,100,,9692,18,,,0,100,,9693,18,,,0
6000,'2',711,,12391,18,,,0,100,,12390,18,,,0,100,,12389,18,,,0,100,,12388,18,,,0,100,,12387,18,,,0,30,,12386,18,,,0,70,,12385,18,,,0,30,,12384,18,,,0,70,,12383,18,,,0,30,,12382,18,,,0,70,,12381,18,,,0,30,,12380,18,,,0,70,,12379,18,,,0,30,,12378,18,,,0,70,,12377,18,,,0,30,,12376,18,,,0,70,,12375,18,,,0,30,,12374,18,,,0,70,,12373,18,,,0,30,,12372,18,,,0,70,,12392,18,,,0,100,,12371,18,,,0,100,,12370,18,,,0,100,,12369,18,,,0,100,,12368,18,,,0,100,,12367,18,,,0
6000,'3',911,,9706,18,,,0,100,,9705,18,,,0,100,,9704,18,,,0,100,,9703,18,,,0,100,,9702,18,,,0,100,,9701,18,,,0,100,,9700,18,,,0,100,,9699,18,,,0,100,,9698,18,,,0,100,,9697,18,,,0,100,,9707,18,,,0,100,,9696,18,,,0,100,,9695,18,,,0
6500,'1',626,,10113,18,,,0,30,,10114,18,,,0,70,,10112,18,,,0,30,,10111,18,,,0,70,,10110,18,,,0,30,,10109,18,,,0,70,,10108,18,,,0,30,,10107,18,,,0,70,,10106,18,,,0,30,,10105,18,,,0,70,,10104,18,,,0,30,,10103,18,,,0,70,,10102,18,,,0,30,,10101,18,,,0,70,,10100,18,,,0,30,,10099,18,,,0,70,,10098,18,,,0,30,,10097,18,,,0,70,,10096,18,,,0,30,,10095,18,,,0,70,,10094,18,,,0,30,,10093,18,,,0,70,,10092,18,,,0,30,,10091,18,,,0,70,,10090,18,,,0,30,,10089,18,,,0,85,,10088,18,,,0,100,,10087,18,,,0,100,,10083,18,,,0,100,,10085,18,,,0,100,,10084,18,,,0,94,,10086,18,,,0
6500,'1201',853,,10116,10,,,0,70,,10117,10,,,0
6500,'13301',2535,,10118,18,,,0,100,,10119,18,,,0,100,,10120,18,,,0
6500,'2',641,,12608,18,,,0,100,,12607,18,,,0,100,,12606,18,,,0,100,,12605,18,,,0,100,,12604,18,,,0,85,,12603,18,,,0,30,,12602,18,,,0,70,,12601,18,,,0,30,,12600,18,,,0,70,,12599,18,,,0,30,,12598,18,,,0,70,,12597,18,,,0,30,,12596,18,,,0,70,,12595,18,,,0,30,,12594,18,,,0,70,,12593,18,,,0,30,,12592,18,,,0,70,,12591,18,,,0,30,,12590,18,,,0,70,,12589,18,,,0,30,,12588,18,,,0,85,,12587,18,,,0,100,,12586,18,,,0,100,,12582,18,,,0,100,,12584,18,,,0,100,,12583,18,,,0,94,,12585,18,,,0
6500,'3',841,,10126,11,,,0,100,,10125,18,,,0,100,,10124,18,,,0,100,,10127,18,,,0,100,,10128,18,,,0,100,,10129,18,,,0,100,,10130,18,,,0,100,,10131,18,,,0,100,,10132,18,,,0,100,,10133,18,,,0,100,,10134,18,,,0,100,,10123,18,,,0,100,,10122,18,,,0,94,,10121,18,,,0
30501,'1201',1633,,10521,6,,,0
30501,'12801',1633,,10522,6,,,0
122501,'13802',1058,,12802,4,,,0,100,,12803,4,,,0,100,,12804,4,,,0,100,,12805,4,,,0,100,,12806,4,,,0,100,,12807,4,,,0,100,,12808,4,,,0,100,,12809,4,,,0
122501,'13803',1058,,10617,4,,,0,100,,10618,4,,,0,100,,10619,4,,,0,100,,10620,4,,,0,100,,10621,4,,,0,100,,10622,4,,,0,100,,10623,4,,,0,100,,10624,4,,,0
