5000,'1',640,,9463,7,,,0,70,,9464,7,,,0,30,,9465,7,,,0,70,,9466,7,,,0,30,,9467,7,,,0,70,,9468,7,,,0,30,,9469,7,,,0,70,,9470,7,,,0,30,,9471,7,,,0,70,,9472,7,,,0,30,,9473,7,,,0,70,,9474,7,,,0,30,,9475,7,,,0,70,,9476,7,,,0,30,,9477,7,,,0,70,,9478,7,,,0,30,,9479,7,,,0,72,,9480,7,,,0,30,,9481,7,,,0,70,,9482,7,,,0,30,,9483,7,,,0,70,,9484,7,,,0,30,,9485,7,,,0,70,,9486,7,,,0,28,,9487,7,,,0,100,,9488,7,,,0,100,,9489,7,,,0,100,,9490,7,,,0,100,,9491,7,,,0,100,,9492,7,,,0
5000,'13301',2440,,9495,7,,,0,100,,9496,7,,,0,100,,9497,7,,,0
5000,'2',648,,12276,7,,,0,100,,12277,7,,,0,100,,12278,7,,,0,100,,12279,7,,,0,100,,12280,7,,,0,77,,12281,7,,,0,80,,12282,7,,,0,40,,12283,7,,,0,80,,12284,7,,,0,80,,12285,7,,,0,40,,12286,7,,,0,80,,12287,7,,,0,80,,12288,7,,,0,40,,12289,7,,,0,80,,12290,7,,,0,80,,12291,7,,,0,40,,12292,7,,,0,103,,12293,7,,,0,100,,12294,7,,,0,100,,12295,7,,,0,100,,12296,7,,,0,100,,12297,7,,,0
5000,'3',948,,9499,7,,,0,100,,9500,7,,,0,100,,9503,7,,,0,100,,9504,7,,,0,100,,9505,7,,,0,100,,9506,7,,,0,100,,9507,7,,,0,100,,9508,7,,,0,100,,9509,7,,,0,100,,9510,7,,,0,100,,9501,7,,,0,100,,9502,7,,,0
5500,'1',624,,9559,7,,,0,30,,9560,7,,,0,70,,9561,7,,,0,30,,9562,7,,,0,70,,9563,7,,,0,30,,9564,7,,,0,70,,9565,7,,,0,30,,9566,7,,,0,70,,9567,7,,,0,30,,9568,7,,,0,70,,9569,7,,,0,30,,9570,7,,,0,70,,9571,7,,,0,30,,9572,7,,,0,70,,9573,7,,,0,30,,9574,7,,,0,70,,9575,7,,,0,30,,9576,7,,,0,72,,9577,7,,,0,30,,9578,7,,,0,70,,9579,7,,,0,30,,9580,7,,,0,70,,9581,7,,,0,30,,9582,7,,,0,70,,9583,7,,,0,83,,9584,7,,,0,100,,9585,7,,,0,100,,9586,7,,,0,100,,9587,7,,,0,100,,9588,7,,,0,100,,9589,7,,,0
5500,'13301',2509,,9592,7,,,0,100,,9593,7,,,0,100,,9594,7,,,0
5500,'2',717,,12322,7,,,0,100,,12323,7,,,0,100,,12324,7,,,0,100,,12325,7,,,0,97,,12326,7,,,0,30,,12327,7,,,0,80,,12328,7,,,0,80,,12329,7,,,0,40,,12330,7,,,0,80,,12331,7,,,0,80,,12332,7,,,0,40,,12333,7,,,0,80,,12334,7,,,0,80,,12335,7,,,0,40,,12336,7,,,0,80,,12337,7,,,0,80,,12338,7,,,0,113,,12339,7,,,0,100,,12340,7,,,0,100,,12341,7,,,0,100,,12342,7,,,0,100,,12343,7,,,0
5500,'3',917,,9595,7,,,0,100,,9596,7,,,0,100,,9597,7,,,0,100,,9598,7,,,0,100,,9599,7,,,0,100,,9600,7,,,0,100,,9601,7,,,0,100,,9602,7,,,0,100,,9603,7,,,0,100,,9604,7,,,0,100,,9605,7,,,0,100,,9606,7,,,0,99,,9607,7,,,0
8400,'1',604,,10240,3,,,0,28,,10241,3,,,0,68,,10242,3,,,0,28,,10243,3,,,0,28,,10244,3,,,0,68,,10245,3,,,0,28,,10246,3,,,0,68,,10247,3,,,0,35,,10248,3,,,0,75,,10249,3,,,0,75,,10250,3,,,0,35,,10251,3,,,0,75,,10252,3,,,0,35,,10253,3,,,0,75,,10254,3,,,0,75,,10255,3,,,0,35,,10256,3,,,0,73,,10257,3,,,0,34,,10258,3,,,0,66,,10259,3,,,0,28,,10260,3,,,0,68,,10261,3,,,0,28,,10262,3,,,0,68,,10263,3,,,0,28,,10264,3,,,0,80,,10265,3,,,0,40,,10266,3,,,0,80,,10267,3,,,0,80,,10268,3,,,0,40,,10269,3,,,0,80,,10270,3,,,0,80,,10271,3,,,0,40,,10272,3,,,0,80,,10273,3,,,0
8400,'13301',2457,,10274,3,,,0,80,,10275,3,,,0,80,,10276,3,,,0,40,,10277,3,,,0
8400,'2',637,,12639,3,,,0,80,,12640,3,,,0,40,,12641,3,,,0,80,,12642,3,,,0,80,,12643,3,,,0,40,,12644,3,,,0,80,,12645,3,,,0,82,,12646,3,,,0,25,,12647,3,,,0,63,,12648,3,,,0,27,,12649,3,,,0,25,,12650,3,,,0,65,,12651,3,,,0,25,,12652,3,,,0,65,,12653,3,,,0,25,,12654,3,,,0,65,,12655,3,,,0,25,,12656,3,,,0,25,,12657,3,,,0,65,,12658,3,,,0,25,,12659,3,,,0,65,,12660,3,,,0,25,,12661,3,,,0,25,,12662,3,,,0,65,,12663,3,,,0,27,,12664,3,,,0,80,,12665,3,,,0,80,,12666,3,,,0,40,,12667,3,,,0,80,,12668,3,,,0,80,,12669,3,,,0,40,,12670,3,,,0,80,,12671,3,,,0
8400,'3',902,,10278,3,,,0,40,,10279,3,,,0,80,,10280,3,,,0,80,,10281,3,,,0,40,,10282,3,,,0,80,,10283,3,,,0,80,,10284,3,,,0,40,,10285,3,,,0,80,,10286,3,,,0,80,,10287,3,,,0,40,,10288,3,,,0,80,,10289,3,,,0,80,,10290,3,,,0,40,,10291,3,,,0,80,,10292,3,,,0,80,,10293,3,,,0,40,,10294,3,,,0,80,,10295,3,,,0,80,,10296,3,,,0,40,,10297,3,,,0
