500,'1',703,,6748,23,,,0,30,,6749,23,,,0,70,,6750,23,,,0,30,,6751,23,,,0,70,,6752,23,,,0,30,,6753,23,,,0,70,,6754,23,,,0,30,,6755,23,,,0,70,,6756,23,,,0,30,,6757,23,,,0,70,,6758,23,,,0,30,,6759,23,,,0,70,,6760,23,,,0,30,,6761,23,,,0,70,,6762,23,,,0,30,,6763,23,,,0,70,,6764,23,,,0,30,,6765,23,,,0,70,,6766,23,,,0,30,,6767,23,,,0,70,,6768,23,,,0,30,,6769,23,,,0,70,,6770,23,,,0,30,,6771,23,,,0,96,,6802,23,,,0,100,,6803,23,,,0,100,,6804,23,,,0,100,,6805,23,,,0,100,,6806,23,,,0,100,,6807,23,,,0
500,'13301',2529,,6812,23,,,0,100,,6813,23,,,0,100,,6814,23,,,0
500,'2',729,,10938,23,,,0,100,,10936,23,,,0,100,,10934,23,,,0,105,,10932,23,,,0,100,,10930,23,,,0,70,,10929,23,,,0,30,,10928,23,,,0,70,,10927,23,,,0,30,,10926,23,,,0,70,,10925,23,,,0,30,,10924,23,,,0,70,,10923,23,,,0,30,,10922,23,,,0,70,,10921,23,,,0,30,,10920,23,,,0,70,,10919,23,,,0,30,,10918,23,,,0,70,,10917,23,,,0,25,,10939,23,,,0,100,,10954,23,,,0,100,,10910,23,,,0,100,,10909,23,,,0,100,,10908,23,,,0,100,,10907,23,,,0,100,,10906,23,,,0
500,'3',929,,6830,23,,,0,100,,6829,23,,,0,100,,6827,23,,,0,100,,6826,23,,,0,100,,6825,23,,,0,100,,6824,23,,,0,100,,6823,23,,,0,100,,6822,23,,,0,100,,6821,23,,,0,100,,6831,23,,,0,100,,6839,23,,,0,100,,6817,23,,,0,100,,6816,23,,,0
6001,'1',628,,9708,11,,,0,30,,9732,11,,,0,62,,9740,11,,,0,8,,9731,11,,,0,22,,9741,11,,,0,8,,9730,11,,,0,62,,9742,11,,,0,8,,9729,11,,,0,30,,9728,11,,,0,70,,9727,11,,,0,30,,9726,11,,,0,70,,9725,11,,,0,30,,9724,11,,,0,70,,9723,11,,,0,30,,9722,11,,,0,70,,9721,11,,,0,30,,9720,11,,,0,70,,9719,11,,,0,30,,9718,11,,,0,70,,9717,11,,,0,30,,9716,11,,,0,70,,9715,11,,,0,30,,9714,11,,,0,70,,9713,11,,,0,22,,9743,12,,,0,8,,9712,11,,,0,47,,9744,12,,,0,23,,9738,11,,,0,30,,9739,11,,,0,70,,9711,11,,,0,100,,9710,11,,,0,100,,9733,11,,,0,100,,9734,11,,,0,100,,9735,11,,,0,100,,9736,11,,,0,100,,9737,11,,,0
6001,'1201',1605,,9746,12,,,0,15,,9745,12,,,0
6001,'12801',1605,,9747,12,,,0,15,,9748,12,,,0
6001,'13301',2527,,9749,11,,,0,100,,9750,11,,,0,100,,9751,11,,,0
6001,'2',728,,12418,11,,,0,100,,12410,11,,,0,100,,12409,11,,,0,100,,12408,11,,,0,100,,12407,11,,,0,30,,12406,11,,,0,70,,12405,11,,,0,30,,12404,11,,,0,70,,12403,11,,,0,30,,12402,11,,,0,70,,12401,11,,,0,30,,12400,11,,,0,70,,12399,11,,,0,30,,12398,11,,,0,70,,12397,11,,,0,30,,12396,11,,,0,70,,12416,11,,,0,30,,12417,11,,,0,70,,12395,11,,,0,100,,12394,11,,,0,100,,12411,11,,,0,100,,12412,11,,,0,100,,12413,11,,,0,100,,12414,11,,,0,100,,12415,11,,,0
6001,'3',928,,9762,11,,,0,100,,9761,11,,,0,100,,9760,11,,,0,100,,9759,11,,,0,100,,9758,11,,,0,100,,9757,11,,,0,100,,9756,11,,,0,100,,9755,11,,,0,100,,9765,11,,,0,100,,9754,11,,,0,100,,9753,11,,,0,100,,9763,11,,,0,100,,9764,11,,,0
6501,'1',643,,10167,11,,,0,70,,10166,11,,,0,30,,10165,11,,,0,70,,10164,11,,,0,30,,10163,11,,,0,70,,10162,11,,,0,30,,10161,11,,,0,70,,10160,11,,,0,30,,10159,11,,,0,70,,10158,11,,,0,30,,10157,11,,,0,70,,10156,11,,,0,30,,10155,11,,,0,70,,10154,11,,,0,30,,10153,11,,,0,70,,10152,11,,,0,30,,10151,11,,,0,70,,10150,11,,,0,30,,10149,11,,,0,70,,10148,11,,,0,30,,10147,11,,,0,70,,10146,11,,,0,30,,10145,11,,,0,70,,10144,11,,,0,30,,10143,11,,,0,15,,10135,11,,,0,100,,10142,11,,,0,100,,10141,11,,,0,100,,10140,11,,,0,100,,10139,11,,,0,101,,10138,11,,,0
6501,'13301',2458,,10168,11,,,0,100,,10169,11,,,0,100,,10170,11,,,0
6501,'2',658,,12638,11,,,0,100,,12637,11,,,0,100,,12636,11,,,0,100,,12635,11,,,0,100,,12634,11,,,0,55,,12633,11,,,0,30,,12632,11,,,0,70,,12631,11,,,0,30,,12630,11,,,0,70,,12629,11,,,0,30,,12628,11,,,0,70,,12627,11,,,0,30,,12626,11,,,0,70,,12625,11,,,0,30,,12624,11,,,0,70,,12623,11,,,0,30,,12622,11,,,0,70,,12621,11,,,0,30,,12620,11,,,0,70,,12619,11,,,0,30,,12618,11,,,0,15,,12610,11,,,0,100,,12617,11,,,0,100,,12616,11,,,0,100,,12615,11,,,0,100,,12614,11,,,0,101,,12613,11,,,0
6501,'3',858,,10176,11,,,0,100,,10175,11,,,0,100,,10174,11,,,0,100,,10177,11,,,0,100,,10178,11,,,0,100,,10179,11,,,0,100,,10180,11,,,0,100,,10181,11,,,0,100,,10182,11,,,0,100,,10183,11,,,0,100,,10171,11,,,0,100,,10173,11,,,0,100,,10172,11,,,0
31500,'1201',1514,,10526,10,,,0,20,,10527,3,,,0,10,,10525,12,,,0
