301,'1',629,,6561,18,4,,0,30,,6560,18,4,,0,70,,6559,18,4,,0,30,,6558,18,4,,0,70,,6557,18,4,,0,30,,6556,18,4,,0,70,,6555,18,4,,0,30,,6554,18,4,,0,70,,6553,18,4,,0,30,,6552,18,4,,0,70,,6551,18,4,,0,30,,6550,18,4,,0,70,,6549,18,4,,0,30,,6548,18,4,,0,70,,6547,18,4,,0,30,,6546,18,4,,0,70,,6545,18,4,,0,30,,6544,18,4,,0,70,,6543,18,4,,0,30,,6542,18,4,,0,70,,6541,18,4,,0,30,,6540,18,4,,0,70,,6539,18,4,,0,30,,6538,18,4,,0,70,,6537,18,4,,0,26,,6536,18,4,,0,74,,6535,18,4,,0,100,,6534,18,4,,0,100,,6533,18,4,,0,100,,6532,18,4,,0,100,,6531,18,4,,0,100,,6530,18,4,,0
301,'13301',2529,,6562,18,4,,0,100,,6563,18,4,,0,100,,6564,18,4,,0
301,'3',929,,6577,18,4,,0,100,,6576,18,4,,0,100,,6575,18,4,,0,100,,6574,18,4,,0,100,,6573,18,4,,0,100,,6572,18,4,,0,100,,6571,18,4,,0,100,,6570,18,4,,0,100,,6569,18,4,,0,100,,6568,18,4,,0,100,,6567,18,4,,0,100,,6566,18,4,,0,100,,6565,18,4,,0
501,'1',631,2,6865,24,,,0,70,42,6840,24,,,0,30,2,6841,24,,,0,70,42,6842,24,,,0,30,2,6843,24,,,0,70,42,6844,24,,,0,30,2,6845,24,,,0,70,42,6846,24,,,0,30,2,6847,24,,,0,70,42,6848,24,,,0,30,2,6849,24,,,0,70,42,6850,24,,,0,30,2,6851,24,,,0,70,42,6852,24,,,0,30,2,6853,24,,,0,70,42,6854,24,,,0,30,2,6855,24,,,0,70,42,6856,24,,,0,30,2,6857,24,,,0,70,42,6858,24,,,0,30,2,6859,24,,,0,70,42,6860,24,,,0,30,2,6861,24,,,0,70,42,6862,24,,,0,30,2,6863,24,,,0,70,42,6864,24,,,0,34,,6866,1,,,0,100,,6867,1,,,0,100,,6868,1,,,0,100,,6869,1,,,0,100,,6870,1,,,0
501,'13301',2435,,6880,1,,,0,100,,6881,1,,,0,100,,6882,1,,,0
501,'3',935,,6906,1,,,0,100,,6904,1,,,0,100,,6902,1,,,0,100,,6900,1,,,0,100,,6898,1,,,0,100,,6896,1,,,0,100,,6894,1,,,0,100,,6892,1,,,0,100,,6890,1,,,0,100,,6883,1,,,0,100,,6885,1,,,0,100,,6884,1,,,0
900,'1',631,,7371,1,,,0,70,,7372,1,,,0,30,,7373,1,,,0,70,,7374,1,,,0,30,,7375,1,,,0,70,,7376,1,,,0,30,,7377,1,,,0,70,,7378,1,,,0,30,,7379,1,,,0,70,,7380,1,,,0,30,,7381,1,,,0,70,,7382,1,,,0,30,,7383,1,,,0,70,,7384,1,,,0,30,,7385,1,,,0,70,,7386,1,,,0,30,,7401,1,,,0,70,,7387,1,,,0,30,,7388,1,,,0,70,,7389,1,,,0,30,,7390,1,,,0,70,,7391,1,,,0,30,,7392,1,,,0,70,,7393,1,,,0,30,,7394,1,,,0,100,,7396,1,,,0,100,,7397,1,,,0,100,,7398,1,,,0,100,,7399,1,,,0,101,,7400,1,,,0
900,'13301',2431,,7402,1,,,0,100,,7403,1,,,0,100,,7404,1,,,0,100,,7405,1,,,0
900,'3',831,,7409,1,,,0,100,,7418,1,,,0,100,,7417,1,,,0,100,,7416,1,,,0,100,,7415,1,,,0,100,,7414,1,,,0,100,,7413,1,,,0,100,,7412,1,,,0,100,,7411,1,,,0,100,,7410,1,,,0,100,,7408,1,,,0,100,,7407,1,,,0,101,,7406,1,,,0
1101,'1',1935,,7655,37,4,,0,100,,7654,37,4,,0,100,,7653,37,4,,0,100,,7652,37,4,,0,100,,7651,37,4,,0
1101,'13301',2535,,7682,37,4,,0,100,,7683,37,4,,0,100,,7684,37,4,,0
1101,'3',935,,7696,37,4,,0,100,,7697,37,4,,0,100,,7685,37,4,,0,100,,7686,37,4,,0,100,,7687,37,4,,0,100,,7688,37,4,,0,100,,7689,37,4,,0,100,,7690,37,4,,0,100,,7691,37,4,,0,100,,7692,37,4,,0,100,,7693,37,4,,0,100,,7694,37,4,,0
