1600,'1',626,,7990,4,,,0,32,,7991,4,,,0,72,,7992,4,,,0,72,,7993,4,,,0,32,,7994,4,,,0,72,,7995,4,,,0,32,,7996,4,,,0,72,,7997,4,,,0,32,,7998,4,,,0,72,,7999,4,,,0,32,,8000,4,,,0,72,,8010,4,,,0,32,,8011,4,,,0,72,,8001,4,,,0,32,,8002,4,,,0,72,,8003,4,,,0,32,,8004,4,,,0,72,,8005,4,,,0,72,,8006,4,,,0,32,,8007,4,,,0,72,,8008,4,,,0,32,,8012,4,,,0,72,,8009,4,,,0,32,,8013,4,,,0,75,,8014,4,,,0,100,,8015,4,,,0,100,,8016,4,,,0,100,,8017,4,,,0,100,,8018,4,,,0,100,,8019,4,,,0
1600,'13301',2517,,8020,4,,,0,100,,8021,4,,,0,100,,8022,4,,,0
1600,'3',817,,8036,4,,,0,100,,8023,4,,,0,100,,8024,4,,,0,100,,8025,4,,,0,100,,8026,4,,,0,100,,8027,4,,,0,100,,8028,4,,,0,100,,8029,4,,,0,100,,8030,4,,,0,100,,8031,4,,,0,100,,8032,4,,,0,100,,8033,4,,,0,100,,8034,4,,,0,101,,8035,4,,,0
4300,'1',618,,9119,4,,,0,30,,9120,4,,,0,66,,9121,4,,,0,30,,9122,4,,,0,70,,9123,4,,,0,30,,9124,4,,,0,69,,9125,4,,,0,27,,9126,4,,,0,70,,9127,4,,,0,30,,9128,4,,,0,70,,9129,4,,,0,30,,9130,4,,,0,70,,9131,4,,,0,30,,9132,4,,,0,70,,9133,4,,,0,30,,9134,4,,,0,70,,9135,4,,,0,30,,9136,4,,,0,67,,9137,4,,,0,30,,9138,4,,,0,70,,9139,4,,,0,30,,9140,4,,,0,70,,9141,4,,,0,30,,9142,4,,,0,70,,9143,4,,,0,30,,9144,4,,,0,70,,9145,4,,,0,100,,9146,4,,,0,100,,9147,4,,,0,100,,9148,4,,,0,100,,9149,4,,,0,100,,9150,4,,,0
4300,'13301',2507,,9151,4,,,0,100,,9152,4,,,0,100,,9153,4,,,0
4300,'3',837,,9154,4,,,0,100,,9155,4,,,0,100,,9156,4,,,0,100,,9157,4,,,0,100,,9158,4,,,0,100,,9159,4,,,0,100,,9160,4,,,0,100,,9161,4,,,0,100,,9162,4,,,0,100,,9163,4,,,0,100,,9164,4,,,0,100,,9165,4,,,0,100,,9166,4,,,0,100,,9167,4,,,0
4400,'1',625,,9221,4,,,0,30,,9222,4,,,0,66,,9223,4,,,0,30,,9224,4,,,0,70,,9225,4,,,0,30,,9226,4,,,0,69,,9227,4,,,0,28,,9228,4,,,0,70,,9229,4,,,0,30,,9230,4,,,0,70,,9231,4,,,0,30,,9232,4,,,0,70,,9233,4,,,0,30,,9234,4,,,0,70,,9235,4,,,0,30,,9236,4,,,0,70,,9237,4,,,0,30,,9238,4,,,0,67,,9239,4,,,0,30,,9240,4,,,0,70,,9241,4,,,0,30,,9242,4,,,0,70,,9243,4,,,0,30,,9244,4,,,0,102,,9245,4,,,0,100,,9246,4,,,0,100,,9247,4,,,0,100,,9248,4,,,0,100,,9249,4,,,0,101,,9250,4,,,0
4400,'13301',2447,,9251,4,,,0,100,,9252,4,,,0,100,,9253,4,,,0
4400,'3',917,,9266,4,,,0,100,,9265,4,,,0,100,,9261,4,,,0,100,,9260,4,,,0,100,,9259,4,,,0,100,,9258,4,,,0,100,,9257,4,,,0,100,,9256,4,,,0,100,,9255,4,,,0,100,,9254,4,,,0,100,,9264,4,,,0,100,,9263,4,,,0,100,,9262,4,,,0
4500,'1',603,,9318,4,,,0,29,,9319,4,,,0,26,,9320,4,,,0,70,,9321,4,,,0,30,,9322,4,,,0,70,,9323,4,,,0,30,,9324,4,,,0,69,,9325,4,,,0,30,,9326,4,,,0,70,,9327,4,,,0,30,,9328,4,,,0,70,,9329,4,,,0,30,,9330,4,,,0,70,,9331,4,,,0,30,,9332,4,,,0,70,,9333,4,,,0,30,,9334,4,,,0,70,,9335,4,,,0,30,,9336,4,,,0,66,,9337,4,,,0,30,,9338,4,,,0,70,,9339,4,,,0,30,,9340,4,,,0,70,,9341,4,,,0,93,,9342,4,,,0,111,,9343,4,,,0,100,,9344,4,,,0,100,,9345,4,,,0,100,,9346,4,,,0,100,,9347,4,,,0
4500,'13301',2427,,9348,4,,,0,100,,9349,4,,,0,100,,9350,4,,,0
4500,'3',857,,9363,4,,,0,100,,9362,4,,,0,100,,9351,4,,,0,100,,9361,4,,,0,100,,9360,4,,,0,100,,9359,4,,,0,100,,9358,4,,,0,100,,9357,4,,,0,100,,9356,4,,,0,100,,9355,4,,,0,100,,9354,4,,,0,101,,9353,4,,,0,99,,9352,4,,,0
4600,'1',610,,9412,4,,,0,29,,9413,4,,,0,66,,9414,4,,,0,30,,9415,4,,,0,70,,9416,4,,,0,30,,9417,4,,,0,71,,9418,4,,,0,29,,9419,4,,,0,70,,9420,4,,,0,30,,9421,4,,,0,70,,9422,4,,,0,30,,9423,4,,,0,70,,9424,4,,,0,30,,9425,4,,,0,70,,9426,4,,,0,30,,9427,4,,,0,70,,9428,4,,,0,29,,9429,4,,,0,25,,9430,4,,,0,70,,9431,4,,,0,30,,9432,4,,,0,70,,9433,4,,,0,30,,9434,4,,,0,70,,9435,4,,,0,30,,9436,4,,,0
