1000,'1',647,,7469,20,,,0,62,,7470,20,,,0,22,,7471,20,,,0,22,,7472,20,,,0,62,,7473,20,,,0,22,,7474,20,,,0,22,,7475,20,,,0,61,,7476,20,,,0,22,,7477,20,,,0,62,,7478,20,,,0,22,,7479,20,,,0,22,,7480,20,,,0,62,,7481,20,,,0,22,,7482,20,,,0,22,,7483,20,,,0,62,,7484,20,,,0,22,,7495,20,,,0,62,,7496,20,,,0,22,,7497,20,,,0,22,,7498,20,,,0,62,,7499,20,,,0,22,,7500,20,,,0,22,,7501,20,,,0,62,,7502,20,,,0,23,,7503,20,,,0,22,,7504,20,,,0,62,,7505,20,,,0,22,,7506,20,,,0,62,,7507,20,,,0,22,,7508,20,,,0,22,,7509,20,,,0,62,,7510,20,,,0,22,,7485,20,,,0,21,,7486,20,,,0,80,,7487,20,,,0,80,,7488,20,,,0,40,,7489,20,,,0,80,,7490,20,,,0,80,,7491,20,,,0,40,,7492,20,,,0,80,,7493,20,,,0,80,,7494,20,,,0,40,,7511,20,,,0
1000,'13301',2532,,7512,20,,,0,80,,7513,20,,,0,40,,7514,20,,,0,80,,7515,20,,,0
1000,'2',646,,11282,20,,,0,80,,11283,20,,,0,80,,11284,20,,,0,40,,11285,20,,,0,80,,11286,20,,,0,80,,11287,20,,,0,40,,11288,20,,,0,80,,11289,20,,,0,25,,11290,20,,,0,60,,11291,20,,,0,22,,11292,20,,,0,22,,11293,20,,,0,62,,11294,20,,,0,22,,11295,20,,,0,62,,11296,20,,,0,22,,11297,20,,,0,22,,11298,20,,,0,62,,11299,20,,,0,22,,11300,20,,,0,22,,11301,20,,,0,62,,11302,20,,,0,22,,11303,20,,,0,22,,11304,20,,,0,62,,11305,20,,,0,22,,11306,20,,,0,62,,11307,20,,,0,20,,11308,20,,,0,22,,11309,20,,,0,78,,11310,20,,,0,80,,11311,20,,,0,40,,11312,20,,,0,80,,11313,20,,,0,80,,11314,20,,,0,40,,11315,20,,,0,80,,11316,20,,,0,80,,11317,20,,,0,40,,11318,20,,,0
1000,'3',839,,7516,20,,,0,80,,7517,20,,,0,40,,7518,20,,,0,80,,7519,20,,,0,80,,7520,20,,,0,40,,7521,20,,,0,80,,7522,20,,,0,80,,7523,20,,,0,40,,7524,20,,,0,80,,7525,20,,,0,80,,7526,20,,,0,40,,7527,20,,,0,80,,7528,20,,,0,80,,7529,20,,,0,40,,7530,20,,,0,80,,7531,20,,,0,80,,7532,20,,,0,40,,7533,20,,,0,80,,7534,20,,,0,80,,7535,20,,,0
1901,'1',644,,8515,37,,,0,70,,8516,37,,,0,30,,8517,37,,,0,70,,8518,37,,,0,30,,8519,37,,,0,70,,8520,37,,,0,30,,8521,37,,,0,70,,8522,37,,,0,30,,8523,37,,,0,70,,8524,37,,,0,30,,8525,37,,,0,70,,8526,37,,,0,30,,8527,37,,,0,70,,8528,37,,,0,30,,8529,37,,,0,70,,8530,37,,,0,30,,8531,37,,,0,70,,8532,37,,,0,30,,8533,37,,,0,70,,8534,37,,,0,30,,8535,37,,,0,70,,8536,37,,,0,30,,8537,37,,,0,70,,8538,37,,,0,30,,8545,37,,,0,99,,8539,37,,,0,100,,8540,37,,,0,100,,8541,37,,,0,100,,8542,37,,,0,100,,8543,37,,,0
1901,'13301',2543,,8546,37,,,0,100,,8547,37,,,0,100,,8548,37,,,0
1901,'2',643,,11829,13,,,0,100,,11853,37,,,0,100,,11852,37,,,0,100,,11851,37,,,0,100,,11850,37,,,0,70,,11828,13,,,0,30,,11849,37,,,0,70,,11848,37,,,0,30,,11847,37,,,0,70,,11846,37,,,0,30,,11845,37,,,0,70,,11844,37,,,0,30,,11843,37,,,0,70,,11842,37,,,0,30,,11841,37,,,0,70,,11840,37,,,0,30,,11839,37,,,0,70,,11838,37,,,0,30,,11837,37,,,0,70,,11836,37,,,0,30,,11854,37,,,0,100,,11835,37,,,0,100,,11834,37,,,0,100,,11833,37,,,0,100,,11832,37,,,0,100,,11831,37,,,0
1901,'3',843,,8549,13,,,0,100,,8561,37,,,0,100,,8560,37,,,0,100,,8559,37,,,0,100,,8558,37,,,0,100,,8557,37,,,0,100,,8556,37,,,0,100,,8555,37,,,0,100,,8554,37,,,0,100,,8553,37,,,0,100,,8562,37,,,0,100,,8552,37,,,0,100,,8551,37,,,0
8300,'1',714,,10210,20,,,0,28,,10184,20,,,0,68,,10185,20,,,0,28,,10186,20,,,0,68,,10187,20,,,0,28,,10188,20,,,0,68,,10189,20,,,0,28,,10190,20,,,0,28,,10191,20,,,0,68,,10192,20,,,0,28,,10193,20,,,0,68,,10194,20,,,0,28,,10195,20,,,0,68,,10196,20,,,0,28,,10197,20,,,0,68,,10198,20,,,0,28,,10199,20,,,0,68,,10200,20,,,0,28,,10201,20,,,0,68,,10202,20,,,0,28,,10203,20,,,0,68,,10204,20,,,0,28,,10205,20,,,0,28,,10206,20,,,0,68,,10207,20,,,0,28,,10208,20,,,0,68,,10209,20,,,0
8701,'1',721,,10497,13,,,0,28,,10498,13,,,0,68,,10499,13,,,0,28,,10500,13,,,0,68,,10501,13,,,0,28,,10502,13,,,0,68,,10503,13,,,0,26,,10504,13,,,0,67,,10505,13,,,0,33,,10506,13,,,0,75,,10507,13,,,0,35,,10508,13,,,0,75,,10509,13,,,0,35,,10510,13,,,0,75,,10511,13,,,0,70,,10512,13,,,0,33,,10513,13,,,0,70,,10514,13,,,0,28,,10515,13,,,0,28,,10516,13,,,0,68,,10517,13,,,0,28,,10518,13,,,0,68,,10519,13,,,0,28,,10520,13,,,0
33601,'1201',1539,,10564,15,,,0
