1100,'1',638,,7633,14,,,0,70,,7632,14,,,0,30,,7631,14,,,0,70,,7630,14,,,0,30,,7629,14,,,0,70,,7628,14,,,0,30,,7627,14,,,0,70,,7626,14,,,0,30,,7625,14,,,0,70,,7624,14,,,0,30,,7623,14,,,0,70,,7622,14,,,0,30,,7621,14,,,0,70,,7620,14,,,0,30,,7619,14,,,0,70,,7618,14,,,0,30,,7617,14,,,0,70,,7616,14,,,0,30,,7615,14,,,0,70,,7614,14,,,0,30,,7613,14,,,0,70,,7612,14,,,0,30,,7611,14,,,0,70,,7610,14,,,0,45,,7609,14,,,0,100,,7608,14,,,0,100,,7607,14,,,0,100,,7606,14,,,0,100,,7605,14,,,0,100,,7604,14,,,0
1100,'13301',2453,,7634,14,,,0,100,,7635,14,,,0,100,,7636,14,,,0
1100,'2',653,,11379,14,,,0,100,,11380,14,,,0,100,,11356,14,,,0,100,,11357,14,,,0,155,,11358,14,,,0,30,,11362,14,,,0,70,,11363,14,,,0,30,,11364,14,,,0,70,,11365,14,,,0,30,,11366,14,,,0,70,,11367,14,,,0,30,,11368,14,,,0,70,,11369,14,,,0,30,,11370,14,,,0,70,,11371,14,,,0,30,,11372,14,,,0,70,,11373,14,,,0,30,,11374,14,,,0,70,,11375,14,,,0,45,,11359,14,,,0,100,,11360,14,,,0,100,,11361,14,,,0,100,,11376,14,,,0,100,,11377,14,,,0,100,,11378,14,,,0
1100,'3',853,,7647,14,,,0,100,,7648,14,,,0,100,,7649,14,,,0,100,,7638,14,,,0,100,,7639,14,,,0,100,,7640,14,,,0,100,,7641,14,,,0,100,,7642,14,,,0,100,,7643,14,,,0,100,,7644,14,,,0,100,,7645,14,,,0,100,,7637,14,,,0,100,,7646,14,,,0
3001,'1',615,,8954,7,,,0,37,,8955,7,,,0,81,,8956,7,,,0,80,,8957,7,,,0,40,,8958,7,,,0,83,,8959,7,,,0,77,,8960,7,,,0,40,,8961,7,,,0,80,,8962,7,,,0,80,,8963,7,,,0,40,,8964,7,,,0,80,,8965,7,,,0,80,,8966,7,,,0,40,,8967,7,,,0,83,,8968,7,,,0,82,,8969,7,,,0,40,,8970,7,,,0,80,,8971,7,,,0,80,,8972,7,,,0,39,,8973,7,,,0,78,,8948,7,,,0,95,,8949,7,,,0,100,,8950,7,,,0,100,,8951,7,,,0,100,,8952,7,,,0,101,,8953,7,,,0
3001,'13301',2531,,8974,7,,,0,100,,8975,7,,,0,100,,8976,7,,,0
3001,'2',637,,12033,7,,,0,98,,12035,7,,,0,100,,12036,7,,,0,100,,12037,7,,,0,100,,12034,7,,,0,82,,12038,7,,,0,40,,12039,7,,,0,80,,12040,7,,,0,80,,12041,7,,,0,40,,12042,7,,,0,80,,12043,7,,,0,80,,12044,7,,,0,40,,12045,7,,,0,80,,12046,7,,,0,80,,12047,7,,,0,40,,12048,7,,,0,79,,12049,7,,,0,99,,12027,7,,,0,100,,12028,7,,,0,100,,12029,7,,,0,100,,12030,7,,,0,100,,12031,7,,,0,92,,12032,7,,,0
3001,'3',834,,8977,7,,,0,100,,8978,7,,,0,100,,8979,7,,,0,100,,8980,7,,,0,100,,8981,7,,,0,100,,8982,7,,,0,100,,8983,7,,,0,100,,8984,7,,,0,100,,8985,7,,,0,100,,8986,7,,,0,100,,8987,7,,,0,100,,8988,7,,,0,100,,8989,7,,,0,100,,8990,7,,,0
3501,'1',556,,9081,7,,,0,80,,9082,7,,,0,74,,9083,7,,,0,43,,9084,7,,,0,80,,9085,7,,,0,80,,9086,7,,,0,39,,9087,7,,,0,83,,9088,7,,,0,80,,9089,7,,,0,40,,9090,7,,,0,80,,9091,7,,,0,80,,9092,7,,,0,40,,9093,7,,,0,80,,9094,7,,,0,81,,9095,7,,,0,43,,9096,7,,,0,80,,9097,7,,,0,80,,9098,7,,,0,40,,9099,7,,,0,80,,9075,7,,,0,76,,9100,7,,,0,85,,9076,7,,,0,100,,9077,7,,,0,100,,9078,7,,,0,100,,9079,7,,,0,100,,9080,7,,,0
3501,'13301',2500,,9101,7,,,0,100,,9102,7,,,0,100,,9103,7,,,0
3501,'2',705,,12110,7,,,0,100,,12111,7,,,0,100,,12112,7,,,0,100,,12113,7,,,0,96,,12114,7,,,0,39,,12099,7,,,0,80,,12100,7,,,0,80,,12101,7,,,0,40,,12102,7,,,0,80,,12103,7,,,0,80,,12104,7,,,0,40,,12105,7,,,0,80,,12106,7,,,0,80,,12107,7,,,0,40,,12108,7,,,0,80,,12109,7,,,0,85,,12093,7,,,0,100,,12094,7,,,0,100,,12095,7,,,0,100,,12096,7,,,0,100,,12097,7,,,0,100,,12098,7,,,0
3501,'3',905,,9104,7,,,0,100,,9105,7,,,0,100,,9106,7,,,0,100,,9107,7,,,0,100,,9108,7,,,0,100,,9109,7,,,0,100,,9110,7,,,0,100,,9111,7,,,0,100,,9112,7,,,0,100,,9113,7,,,0,100,,9114,7,,,0,100,,9115,7,,,0,100,,9116,7,,,0
