500,'1',647,,6748,4,,,0,70,,6749,4,,,0,30,,6750,4,,,0,70,,6751,4,,,0,30,,6752,4,,,0,70,,6753,4,,,0,30,,6754,4,,,0,70,,6755,4,,,0,30,,6756,4,,,0,70,,6757,4,,,0,30,,6758,4,,,0,70,,6759,4,,,0,30,,6760,4,,,0,70,,6761,4,,,0,30,,6762,4,,,0,70,,6763,4,,,0,30,,6764,4,,,0,70,,6765,4,,,0,30,,6766,4,,,0,70,,6767,4,,,0,30,,6768,4,,,0,70,,6769,4,,,0,30,,6770,4,,,0,70,,6771,4,,,0,100,,6802,4,,,0,100,,6803,4,,,0,100,,6804,4,,,0,100,,6805,4,,,0,100,,6806,4,,,0,101,,6807,4,,,0
500,'13301',2518,,6812,4,,,0,100,,6813,4,,,0,100,,6814,4,,,0
500,'3',917,,6830,4,,,0,100,,6829,4,,,0,100,,6827,4,,,0,100,,6826,4,,,0,100,,6825,4,,,0,100,,6824,4,,,0,100,,6823,4,,,0,100,,6822,4,,,0,100,,6821,4,,,0,100,,6831,4,,,0,100,,6839,4,,,0,100,,6817,4,,,0,101,,6816,4,,,0
2200,'1',1632,,8563,4,,,0,70,,8564,4,,,0,30,,8565,4,,,0
2200,'1201',1532,,8566,4,,,0,70,,8567,4,,,0
2200,'12801',1532,,8568,4,,,0,70,,8569,4,,,0
3000,'1',609,,8877,4,,,0,40,,8879,4,,,0,81,,8881,4,,,0,80,,8882,4,,,0,40,,8883,4,,,0,82,,8884,4,,,0,80,,8885,4,,,0,40,,8886,4,,,0,80,,8887,4,,,0,80,,8888,4,,,0,40,,8889,4,,,0,80,,8890,4,,,0,80,,8891,4,,,0,40,,8892,4,,,0,83,,8893,4,,,0,80,,8894,4,,,0,40,,8895,4,,,0,80,,8896,4,,,0,80,,8897,4,,,0,37,,8870,4,,,0,95,,8871,4,,,0,100,,8872,4,,,0,100,,8873,4,,,0,100,,8874,4,,,0,101,,8875,4,,,0
3000,'13301',2447,,8918,4,,,0,100,,8919,4,,,0,100,,8920,4,,,0
3000,'3',850,,8934,4,,,0,100,,8935,4,,,0,100,,8936,4,,,0,100,,8937,4,,,0,100,,8938,4,,,0,100,,8939,4,,,0,100,,8940,4,,,0,100,,8941,4,,,0,100,,8942,4,,,0,100,,8943,4,,,0,100,,8944,4,,,0,100,,8945,4,,,0,100,,8946,4,,,0
3500,'1',628,,9023,4,,,0,81,,9024,4,,,0,40,,9025,4,,,0,80,,9026,4,,,0,80,,9027,4,,,0,43,,9028,4,,,0,80,,9029,4,,,0,80,,9030,4,,,0,40,,9031,4,,,0,80,,9032,4,,,0,80,,9033,4,,,0,40,,9034,4,,,0,80,,9035,4,,,0,83,,9036,4,,,0,40,,9037,4,,,0,80,,9038,4,,,0,80,,9039,4,,,0,40,,9040,4,,,0,77,,9041,4,,,0,85,,8996,4,,,0,100,,8997,4,,,0,100,,8998,4,,,0,100,,8999,4,,,0,100,,9000,4,,,0,101,,9001,4,,,0
3500,'13301',2518,,9043,4,,,0,100,,9044,4,,,0,100,,9045,4,,,0
3500,'3',918,,9059,4,,,0,100,,9060,4,,,0,100,,9061,4,,,0,100,,9062,4,,,0,100,,9063,4,,,0,100,,9064,4,,,0,100,,9065,4,,,0,100,,9066,4,,,0,100,,9067,4,,,0,100,,9068,4,,,0,100,,9071,4,,,0,100,,9072,4,,,0,100,,9073,4,,,0
