1600,'1',627,,7990,7,,,0,32,,7991,7,,,0,72,,7992,7,,,0,72,,7993,7,,,0,32,,7994,7,,,0,72,,7995,7,,,0,32,,7996,7,,,0,72,,7997,7,,,0,32,,7998,7,,,0,72,,7999,7,,,0,32,,8000,7,,,0,72,,8010,7,,,0,32,,8011,7,,,0,72,,8001,7,,,0,32,,8002,7,,,0,72,,8003,7,,,0,32,,8004,7,,,0,72,,8005,7,,,0,72,,8006,7,,,0,32,,8007,7,,,0,72,,8008,7,,,0,32,,8012,7,,,0,72,,8009,7,,,0,32,,8013,7,,,0,75,,8014,7,,,0,100,,8015,7,,,0,100,,8016,7,,,0,100,,8017,7,,,0,100,,8018,7,,,0,100,,8019,7,,,0
1600,'13301',2518,,8020,7,,,0,100,,8021,7,,,0,100,,8022,7,,,0
1600,'3',818,,8036,7,,,0,100,,8023,7,,,0,100,,8024,7,,,0,100,,8025,7,,,0,100,,8026,7,,,0,100,,8027,7,,,0,100,,8028,7,,,0,100,,8029,7,,,0,100,,8030,7,,,0,100,,8031,7,,,0,100,,8032,7,,,0,100,,8033,7,,,0,100,,8034,7,,,0,101,,8035,7,,,0
4300,'1',619,,9119,7,,,0,30,,9120,7,,,0,67,,9121,7,,,0,30,,9122,7,,,0,70,,9123,7,,,0,30,,9124,7,,,0,69,,9125,7,,,0,27,,9126,7,,,0,70,,9127,7,,,0,30,,9128,7,,,0,70,,9129,7,,,0,30,,9130,7,,,0,70,,9131,7,,,0,30,,9132,7,,,0,70,,9133,7,,,0,30,,9134,7,,,0,70,,9135,7,,,0,30,,9136,7,,,0,67,,9137,7,,,0,30,,9138,7,,,0,70,,9139,7,,,0,30,,9140,7,,,0,70,,9141,7,,,0,30,,9142,7,,,0,70,,9143,7,,,0,29,,9144,7,,,0,70,,9145,7,,,0,100,,9146,7,,,0,100,,9147,7,,,0,100,,9148,7,,,0,100,,9149,7,,,0,100,,9150,7,,,0
4300,'13301',2508,,9151,7,,,0,100,,9152,7,,,0,100,,9153,7,,,0
4300,'3',838,,9154,7,,,0,100,,9155,7,,,0,100,,9156,7,,,0,100,,9157,7,,,0,100,,9158,7,,,0,100,,9159,7,,,0,100,,9160,7,,,0,100,,9161,7,,,0,100,,9162,7,,,0,100,,9163,7,,,0,100,,9164,7,,,0,100,,9165,7,,,0,100,,9166,7,,,0,100,,9167,7,,,0
4400,'1',626,,9221,7,,,0,30,,9222,7,,,0,67,,9223,7,,,0,30,,9224,7,,,0,70,,9225,7,,,0,30,,9226,7,,,0,69,,9227,7,,,0,28,,9228,7,,,0,70,,9229,7,,,0,30,,9230,7,,,0,70,,9231,7,,,0,30,,9232,7,,,0,70,,9233,7,,,0,30,,9234,7,,,0,70,,9235,7,,,0,30,,9236,7,,,0,70,,9237,7,,,0,30,,9238,7,,,0,67,,9239,7,,,0,30,,9240,7,,,0,70,,9241,7,,,0,30,,9242,7,,,0,70,,9243,7,,,0,30,,9244,7,,,0,101,,9245,7,,,0,100,,9246,7,,,0,100,,9247,7,,,0,100,,9248,7,,,0,100,,9249,7,,,0,101,,9250,7,,,0
4400,'13301',2448,,9251,7,,,0,100,,9252,7,,,0,100,,9253,7,,,0
4400,'3',918,,9266,7,,,0,100,,9265,7,,,0,100,,9261,7,,,0,100,,9260,7,,,0,100,,9259,7,,,0,100,,9258,7,,,0,100,,9257,7,,,0,100,,9256,7,,,0,100,,9255,7,,,0,100,,9254,7,,,0,100,,9264,7,,,0,100,,9263,7,,,0,100,,9262,7,,,0
4500,'1',604,,9318,7,,,0,29,,9319,7,,,0,67,,9320,7,,,0,30,,9321,7,,,0,70,,9322,7,,,0,30,,9323,7,,,0,70,,9324,7,,,0,29,,9325,7,,,0,30,,9326,7,,,0,70,,9327,7,,,0,30,,9328,7,,,0,70,,9329,7,,,0,30,,9330,7,,,0,70,,9331,7,,,0,30,,9332,7,,,0,70,,9333,7,,,0,30,,9334,7,,,0,70,,9335,7,,,0,30,,9336,7,,,0,66,,9337,7,,,0,30,,9338,7,,,0,70,,9339,7,,,0,30,,9340,7,,,0,70,,9341,7,,,0,93,,9342,7,,,0,110,,9343,7,,,0,100,,9344,7,,,0,100,,9345,7,,,0,100,,9346,7,,,0,100,,9347,7,,,0
4500,'13301',2428,,9348,7,,,0,100,,9349,7,,,0,100,,9350,7,,,0
4500,'3',858,,9363,7,,,0,100,,9362,7,,,0,100,,9351,7,,,0,100,,9361,7,,,0,100,,9360,7,,,0,100,,9359,7,,,0,100,,9358,7,,,0,100,,9357,7,,,0,100,,9356,7,,,0,100,,9355,7,,,0,100,,9354,7,,,0,101,,9353,7,,,0,99,,9352,7,,,0
4600,'1',611,,9412,7,,,0,29,,9413,7,,,0,67,,9414,7,,,0,30,,9415,7,,,0,70,,9416,7,,,0,30,,9417,7,,,0,71,,9418,7,,,0,29,,9419,7,,,0,70,,9420,7,,,0,30,,9421,7,,,0,70,,9422,7,,,0,30,,9423,7,,,0,70,,9424,7,,,0,30,,9425,7,,,0,70,,9426,7,,,0,30,,9427,7,,,0,70,,9428,7,,,0,29,,9429,7,,,0,65,,9430,7,,,0,30,,9431,7,,,0,70,,9432,7,,,0,30,,9433,7,,,0,70,,9434,7,,,0,30,,9435,7,,,0,70,,9436,7,,,0
