1100,'1',637,,7633,13,,,0,70,,7632,13,,,0,30,,7631,13,,,0,70,,7630,13,,,0,30,,7629,13,,,0,70,,7628,13,,,0,30,,7627,13,,,0,70,,7626,13,,,0,30,,7625,13,,,0,70,,7624,13,,,0,30,,7623,13,,,0,70,,7622,13,,,0,30,,7621,13,,,0,70,,7620,13,,,0,30,,7619,13,,,0,70,,7618,13,,,0,30,,7617,13,,,0,70,,7616,13,,,0,30,,7615,13,,,0,70,,7614,13,,,0,30,,7613,13,,,0,70,,7612,13,,,0,30,,7611,13,,,0,70,,7610,13,,,0,45,,7609,13,,,0,100,,7608,13,,,0,100,,7607,13,,,0,100,,7606,13,,,0,100,,7605,13,,,0,100,,7604,13,,,0
1100,'13301',2452,,7634,13,,,0,100,,7635,13,,,0,100,,7636,13,,,0
1100,'2',652,,11379,13,,,0,100,,11380,13,,,0,100,,11356,13,,,0,100,,11357,13,,,0,155,,11358,13,,,0,30,,11362,13,,,0,70,,11363,13,,,0,30,,11364,13,,,0,70,,11365,13,,,0,30,,11366,13,,,0,70,,11367,13,,,0,30,,11368,13,,,0,70,,11369,13,,,0,30,,11370,13,,,0,70,,11371,13,,,0,30,,11372,13,,,0,70,,11373,13,,,0,30,,11374,13,,,0,70,,11375,13,,,0,45,,11359,13,,,0,100,,11360,13,,,0,100,,11361,13,,,0,100,,11376,13,,,0,100,,11377,13,,,0,100,,11378,13,,,0
1100,'3',852,,7647,13,,,0,100,,7648,13,,,0,100,,7649,13,,,0,100,,7638,13,,,0,100,,7639,13,,,0,100,,7640,13,,,0,100,,7641,13,,,0,100,,7642,13,,,0,100,,7643,13,,,0,100,,7644,13,,,0,100,,7645,13,,,0,100,,7637,13,,,0,100,,7646,13,,,0
1400,'1',607,,7805,6,,,0,30,,7793,6,,,0,70,,7816,6,,,0,30,,7815,6,,,0,70,,7814,6,,,0,30,,7813,6,,,0,70,,7812,6,,,0,100,,7811,6,,,0,100,,7810,6,,,0,100,,7809,6,,,0,100,,7808,6,,,0,100,,7807,6,,,0,100,,7806,6,,,0,100,,7804,6,,,0,30,,7803,6,,,0,70,,7802,6,,,0,30,,7801,6,,,0,70,,7800,6,,,0,100,,7799,6,,,0,100,,7798,6,,,0,100,,7797,6,,,0,100,,7796,6,,,0,100,,7795,6,,,0,99,,7794,6,,,0
1400,'1201',1537,,7818,6,,,0
1400,'12801',1537,,7822,6,,,0
1400,'2',607,,11468,6,,,0,100,,11477,6,,,0,100,,11476,6,,,0,100,,11475,6,,,0,100,,11474,6,,,0,100,,11473,6,,,0,100,,11472,6,,,0,100,,11471,6,,,0,100,,11470,6,,,0,100,,11469,6,,,0,100,,11467,6,,,0,100,,11466,6,,,0,100,,11465,6,,,0,100,,11464,6,,,0,100,,11463,6,,,0,100,,11462,6,,,0,100,,11461,6,,,0,100,,11460,6,,,0,99,,11459,6,,,0
1400,'3',907,,7836,6,,,0,100,,7835,6,,,0,100,,7834,6,,,0,100,,7833,6,,,0,100,,7832,6,,,0,100,,7831,6,,,0,100,,7830,6,,,0,100,,7829,6,,,0,100,,7828,6,,,0,100,,7827,6,,,0,100,,7826,6,,,0,100,,7825,6,,,0,99,,7824,6,,,0
3001,'1',615,,8954,4,,,0,37,,8955,4,,,0,81,,8956,4,,,0,80,,8957,4,,,0,40,,8958,4,,,0,83,,8959,4,,,0,77,,8960,4,,,0,40,,8961,4,,,0,80,,8962,4,,,0,80,,8963,4,,,0,40,,8964,4,,,0,80,,8965,4,,,0,80,,8966,4,,,0,40,,8967,4,,,0,83,,8968,4,,,0,82,,8969,4,,,0,40,,8970,4,,,0,80,,8971,4,,,0,80,,8972,4,,,0,39,,8973,4,,,0,78,,8948,4,,,0,95,,8949,4,,,0,100,,8950,4,,,0,100,,8951,4,,,0,100,,8952,4,,,0,101,,8953,4,,,0
3001,'13301',2531,,8974,4,,,0,100,,8975,4,,,0,100,,8976,4,,,0
3001,'2',637,,12033,4,,,0,98,,12035,4,,,0,100,,12036,4,,,0,100,,12037,4,,,0,100,,12034,4,,,0,82,,12038,4,,,0,40,,12039,4,,,0,80,,12040,4,,,0,80,,12041,4,,,0,40,,12042,4,,,0,80,,12043,4,,,0,80,,12044,4,,,0,40,,12045,4,,,0,80,,12046,4,,,0,80,,12047,4,,,0,40,,12048,4,,,0,79,,12049,4,,,0,99,,12027,4,,,0,100,,12028,4,,,0,100,,12029,4,,,0,100,,12030,4,,,0,100,,12031,4,,,0,92,,12032,4,,,0
3001,'3',834,,8977,4,,,0,100,,8978,4,,,0,100,,8979,4,,,0,100,,8980,4,,,0,100,,8981,4,,,0,100,,8982,4,,,0,100,,8983,4,,,0,100,,8984,4,,,0,100,,8985,4,,,0,100,,8986,4,,,0,100,,8987,4,,,0,100,,8988,4,,,0,100,,8989,4,,,0,100,,8990,4,,,0
3501,'1',556,,9081,6,,,0,80,,9082,6,,,0,74,,9083,6,,,0,43,,9084,6,,,0,80,,9085,6,,,0,80,,9086,6,,,0,39,,9087,6,,,0,83,,9088,6,,,0,80,,9089,6,,,0,40,,9090,6,,,0,80,,9091,6,,,0,80,,9092,6,,,0,40,,9093,6,,,0,80,,9094,6,,,0,81,,9095,6,,,0,43,,9096,6,,,0,80,,9097,6,,,0,80,,9098,6,,,0,40,,9099,6,,,0,80,,9075,6,,,0,76,,9100,6,,,0,85,,9076,6,,,0,100,,9077,6,,,0,100,,9078,6,,,0,100,,9079,6,,,0,100,,9080,6,,,0
3501,'13301',2500,,9101,6,,,0,100,,9102,6,,,0,100,,9103,6,,,0
3501,'2',705,,12110,6,,,0,100,,12111,6,,,0,100,,12112,6,,,0,100,,12113,6,,,0,96,,12114,6,,,0,39,,12099,6,,,0,80,,12100,6,,,0,80,,12101,6,,,0,40,,12102,6,,,0,80,,12103,6,,,0,80,,12104,6,,,0,40,,12105,6,,,0,80,,12106,6,,,0,80,,12107,6,,,0,40,,12108,6,,,0,80,,12109,6,,,0,85,,12093,6,,,0,100,,12094,6,,,0,100,,12095,6,,,0,100,,12096,6,,,0,100,,12097,6,,,0,100,,12098,6,,,0
3501,'3',905,,9104,6,,,0,100,,9105,6,,,0,100,,9106,6,,,0,100,,9107,6,,,0,100,,9108,6,,,0,100,,9109,6,,,0,100,,9110,6,,,0,100,,9111,6,,,0,100,,9112,6,,,0,100,,9113,6,,,0,100,,9114,6,,,0,100,,9115,6,,,0,100,,9116,6,,,0
