1000,'1',646,,7469,19,,,0,62,,7470,19,,,0,22,,7471,19,,,0,22,,7472,19,,,0,62,,7473,19,,,0,22,,7474,19,,,0,22,,7475,19,,,0,62,,7476,19,,,0,22,,7477,19,,,0,62,,7478,19,,,0,22,,7479,19,,,0,22,,7480,19,,,0,62,,7481,19,,,0,22,,7482,19,,,0,22,,7483,19,,,0,62,,7484,19,,,0,22,,7495,19,,,0,62,,7496,19,,,0,22,,7497,19,,,0,22,,7498,19,,,0,62,,7499,19,,,0,22,,7500,19,,,0,22,,7501,19,,,0,62,,7502,19,,,0,22,,7503,19,,,0,22,,7504,19,,,0,62,,7505,19,,,0,22,,7506,19,,,0,62,,7507,19,,,0,22,,7508,19,,,0,22,,7509,19,,,0,62,,7510,19,,,0,22,,7485,19,,,0,22,,7486,19,,,0,80,,7487,19,,,0,80,,7488,19,,,0,40,,7489,19,,,0,80,,7490,19,,,0,80,,7491,19,,,0,40,,7492,19,,,0,80,,7493,19,,,0,80,,7494,19,,,0,40,,7511,19,,,0
1000,'13301',2532,,7512,19,,,0,80,,7513,19,,,0,40,,7514,19,,,0,80,,7515,19,,,0
1000,'2',646,,11282,19,,,0,80,,11283,19,,,0,80,,11284,19,,,0,40,,11285,19,,,0,80,,11286,19,,,0,80,,11287,19,,,0,40,,11288,19,,,0,80,,11289,19,,,0,25,,11290,19,,,0,60,,11291,19,,,0,22,,11292,19,,,0,22,,11293,19,,,0,62,,11294,19,,,0,22,,11295,19,,,0,62,,11296,19,,,0,22,,11297,19,,,0,22,,11298,19,,,0,62,,11299,19,,,0,22,,11300,19,,,0,22,,11301,19,,,0,62,,11302,19,,,0,22,,11303,19,,,0,22,,11304,19,,,0,62,,11305,19,,,0,22,,11306,19,,,0,62,,11307,19,,,0,20,,11308,19,,,0,22,,11309,19,,,0,78,,11310,19,,,0,80,,11311,19,,,0,40,,11312,19,,,0,80,,11313,19,,,0,80,,11314,19,,,0,40,,11315,19,,,0,80,,11316,19,,,0,80,,11317,19,,,0,40,,11318,19,,,0
1000,'3',839,,7516,19,,,0,80,,7517,19,,,0,40,,7518,19,,,0,80,,7519,19,,,0,80,,7520,19,,,0,40,,7521,19,,,0,80,,7522,19,,,0,80,,7523,19,,,0,40,,7524,19,,,0,80,,7525,19,,,0,80,,7526,19,,,0,40,,7527,19,,,0,80,,7528,19,,,0,80,,7529,19,,,0,40,,7530,19,,,0,80,,7531,19,,,0,80,,7532,19,,,0,40,,7533,19,,,0,80,,7534,19,,,0,80,,7535,19,,,0
1901,'1',643,,8515,36,,,0,70,,8516,36,,,0,30,,8517,36,,,0,70,,8518,36,,,0,30,,8519,36,,,0,70,,8520,36,,,0,30,,8521,36,,,0,70,,8522,36,,,0,30,,8523,36,,,0,70,,8524,36,,,0,30,,8525,36,,,0,70,,8526,36,,,0,30,,8527,36,,,0,70,,8528,36,,,0,30,,8529,36,,,0,70,,8530,36,,,0,30,,8531,36,,,0,70,,8532,36,,,0,30,,8533,36,,,0,70,,8534,36,,,0,30,,8535,36,,,0,70,,8536,36,,,0,30,,8537,36,,,0,70,,8538,36,,,0,30,,8545,36,,,0,100,,8539,36,,,0,100,,8540,36,,,0,100,,8541,36,,,0,100,,8542,36,,,0,100,,8543,36,,,0
1901,'13301',2543,,8546,36,,,0,100,,8547,36,,,0,100,,8548,36,,,0
1901,'2',643,,11829,12,,,0,100,,11853,36,,,0,100,,11852,36,,,0,100,,11851,36,,,0,100,,11850,36,,,0,70,,11828,12,,,0,30,,11849,36,,,0,70,,11848,36,,,0,30,,11847,36,,,0,70,,11846,36,,,0,30,,11845,36,,,0,70,,11844,36,,,0,30,,11843,36,,,0,70,,11842,36,,,0,30,,11841,36,,,0,70,,11840,36,,,0,30,,11839,36,,,0,70,,11838,36,,,0,30,,11837,36,,,0,70,,11836,36,,,0,30,,11854,36,,,0,100,,11835,36,,,0,100,,11834,36,,,0,100,,11833,36,,,0,100,,11832,36,,,0,100,,11831,36,,,0
1901,'3',843,,8549,12,,,0,100,,8561,36,,,0,100,,8560,36,,,0,100,,8559,36,,,0,100,,8558,36,,,0,100,,8557,36,,,0,100,,8556,36,,,0,100,,8555,36,,,0,100,,8554,36,,,0,100,,8553,36,,,0,100,,8562,36,,,0,100,,8552,36,,,0,100,,8551,36,,,0
8300,'1',714,,10210,19,,,0,28,,10184,19,,,0,68,,10185,19,,,0,28,,10186,19,,,0,68,,10187,19,,,0,28,,10188,19,,,0,68,,10189,19,,,0,28,,10190,19,,,0,28,,10191,19,,,0,68,,10192,19,,,0,28,,10193,19,,,0,68,,10194,19,,,0,28,,10195,19,,,0,68,,10196,19,,,0,28,,10197,19,,,0,68,,10198,19,,,0,28,,10199,19,,,0,68,,10200,19,,,0,28,,10201,19,,,0,68,,10202,19,,,0,28,,10203,19,,,0,68,,10204,19,,,0,28,,10205,19,,,0,28,,10206,19,,,0,68,,10207,19,,,0,28,,10208,19,,,0,68,,10209,19,,,0
8701,'1',721,,10497,12,,,0,28,,10498,12,,,0,68,,10499,12,,,0,28,,10500,12,,,0,68,,10501,12,,,0,28,,10502,12,,,0,68,,10503,12,,,0,26,,10504,12,,,0,67,,10505,12,,,0,33,,10506,12,,,0,75,,10507,12,,,0,35,,10508,12,,,0,75,,10509,12,,,0,35,,10510,12,,,0,75,,10511,12,,,0,70,,10512,12,,,0,33,,10513,12,,,0,70,,10514,12,,,0,28,,10515,12,,,0,28,,10516,12,,,0,68,,10517,12,,,0,28,,10518,12,,,0,68,,10519,12,,,0,28,,10520,12,,,0
33601,'1201',1538,,10564,14,,,0
