5000,'1',645,,9463,11,,,0,70,,9464,11,,,0,30,,9465,11,,,0,70,,9466,11,,,0,30,,9467,11,,,0,70,,9468,11,,,0,30,,9469,11,,,0,70,,9470,11,,,0,30,,9471,11,,,0,70,,9472,11,,,0,30,,9473,11,,,0,70,,9474,11,,,0,30,,9475,11,,,0,70,,9476,11,,,0,30,,9477,11,,,0,70,,9478,11,,,0,30,,9479,11,,,0,72,,9480,11,,,0,30,,9481,11,,,0,70,,9482,11,,,0,30,,9483,11,,,0,70,,9484,11,,,0,30,,9485,11,,,0,70,,9486,11,,,0,28,,9487,11,,,0,100,,9488,11,,,0,100,,9489,11,,,0,100,,9490,11,,,0,100,,9491,11,,,0,100,,9492,11,,,0
5000,'13301',2445,,9495,11,,,0,100,,9496,11,,,0,100,,9497,11,,,0
5000,'2',653,,12276,11,,,0,100,,12277,11,,,0,100,,12278,11,,,0,100,,12279,11,,,0,100,,12280,11,,,0,77,,12281,11,,,0,80,,12282,11,,,0,40,,12283,11,,,0,80,,12284,11,,,0,80,,12285,11,,,0,40,,12286,11,,,0,80,,12287,11,,,0,80,,12288,11,,,0,40,,12289,11,,,0,80,,12290,11,,,0,80,,12291,11,,,0,40,,12292,11,,,0,103,,12293,11,,,0,100,,12294,11,,,0,100,,12295,11,,,0,100,,12296,11,,,0,100,,12297,11,,,0
5000,'3',953,,9499,11,,,0,100,,9500,11,,,0,100,,9503,11,,,0,100,,9504,11,,,0,100,,9505,11,,,0,100,,9506,11,,,0,100,,9507,11,,,0,100,,9508,11,,,0,100,,9509,11,,,0,100,,9510,11,,,0,100,,9501,11,,,0,100,,9502,11,,,0
5500,'1',627,,9559,11,,,0,30,,9560,11,,,0,70,,9561,11,,,0,30,,9562,11,,,0,70,,9563,11,,,0,30,,9564,11,,,0,70,,9565,11,,,0,30,,9566,11,,,0,70,,9567,11,,,0,30,,9568,11,,,0,70,,9569,11,,,0,30,,9570,11,,,0,70,,9571,11,,,0,30,,9572,11,,,0,70,,9573,11,,,0,30,,9574,11,,,0,70,,9575,11,,,0,30,,9576,11,,,0,73,,9577,11,,,0,70,,9578,11,,,0,30,,9579,11,,,0,70,,9580,11,,,0,30,,9581,11,,,0,70,,9582,11,,,0,30,,9583,11,,,0,82,,9584,11,,,0,100,,9585,11,,,0,100,,9586,11,,,0,100,,9587,11,,,0,100,,9588,11,,,0,100,,9589,11,,,0
5500,'13301',2512,,9592,11,,,0,100,,9593,11,,,0,100,,9594,11,,,0
5500,'2',720,,12322,11,,,0,100,,12323,11,,,0,100,,12324,11,,,0,100,,12325,11,,,0,97,,12326,11,,,0,30,,12327,11,,,0,80,,12328,11,,,0,80,,12329,11,,,0,40,,12330,11,,,0,80,,12331,11,,,0,80,,12332,11,,,0,40,,12333,11,,,0,80,,12334,11,,,0,80,,12335,11,,,0,40,,12336,11,,,0,80,,12337,11,,,0,80,,12338,11,,,0,113,,12339,11,,,0,100,,12340,11,,,0,100,,12341,11,,,0,100,,12342,11,,,0,100,,12343,11,,,0
5500,'3',920,,9595,11,,,0,100,,9596,11,,,0,100,,9597,11,,,0,100,,9598,11,,,0,100,,9599,11,,,0,100,,9600,11,,,0,100,,9601,11,,,0,100,,9602,11,,,0,100,,9603,11,,,0,100,,9604,11,,,0,100,,9605,11,,,0,100,,9606,11,,,0,98,,9607,11,,,0
8600,'1',546,,10357,4,,,0,68,,10358,4,,,0,28,,10359,4,,,0,68,,10360,4,,,0,28,,10361,4,,,0,68,,10362,4,,,0,28,,10363,4,,,0,68,,10364,4,,,0,28,,10365,4,,,0,24,,10366,4,,,0,77,,10367,4,,,0,75,,10368,4,,,0,35,,10369,4,,,0,75,,10370,4,,,0,35,,10371,4,,,0,75,,10372,4,,,0,31,,10373,4,,,0,76,,10374,4,,,0,70,,10375,4,,,0,23,,10376,4,,,0,23,,10377,4,,,0,68,,10378,4,,,0,28,,10379,4,,,0,68,,10380,4,,,0,28,,10381,4,,,0,68,,10382,4,,,0,28,,10383,4,,,0,80,,10384,4,,,0,40,,10385,4,,,0,80,,10386,4,,,0,80,,10387,4,,,0,40,,10388,4,,,0,80,,10389,4,,,0,80,,10390,4,,,0,40,,10391,4,,,0
8600,'13301',2437,,10392,4,,,0,80,,10393,4,,,0,40,,10394,4,,,0,80,,10395,4,,,0
8600,'2',601,,12705,4,,,0,40,,12706,4,,,0,80,,12707,4,,,0,80,,12708,4,,,0,40,,12709,4,,,0,80,,12710,4,,,0,80,,12711,4,,,0,40,,12712,4,,,0,80,,12713,4,,,0,36,,12714,4,,,0,65,,12715,4,,,0,25,,12716,4,,,0,65,,12717,4,,,0,25,,12718,4,,,0,65,,12719,4,,,0,25,,12720,4,,,0,25,,12721,4,,,0,65,,12722,4,,,0,25,,12723,4,,,0,65,,12724,4,,,0,25,,12725,4,,,0,25,,12726,4,,,0,65,,12727,4,,,0,25,,12728,4,,,0,65,,12729,4,,,0,25,,12730,4,,,0,65,,12731,4,,,0,40,,12732,4,,,0,80,,12733,4,,,0,80,,12734,4,,,0,40,,12735,4,,,0,80,,12736,4,,,0,80,,12737,4,,,0,40,,12738,4,,,0
8600,'3',857,,10396,4,,,0,80,,10397,4,,,0,80,,10398,4,,,0,40,,10399,4,,,0,80,,10400,4,,,0,80,,10401,4,,,0,40,,10402,4,,,0,80,,10403,4,,,0,80,,10404,4,,,0,40,,10405,4,,,0,80,,10406,4,,,0,80,,10407,4,,,0,40,,10408,4,,,0,80,,10409,4,,,0,80,,10410,4,,,0,40,,10411,4,,,0,80,,10412,4,,,0,80,,10413,4,,,0,40,,10414,4,,,0
