4300,'1',632,,9119,15,,,0,70,,9120,15,,,0,29,,9121,15,,,0,70,,9122,15,,,0,30,,9123,15,,,0,70,,9124,15,,,0,29,,9125,15,,,0,28,,9126,15,,,0,70,,9127,15,,,0,30,,9128,15,,,0,70,,9129,15,,,0,30,,9130,15,,,0,70,,9131,15,,,0,30,,9132,15,,,0,70,,9133,15,,,0,30,,9134,15,,,0,70,,9135,15,,,0,30,,9136,15,,,0,69,,9137,15,,,0,30,,9138,15,,,0,70,,9139,15,,,0,30,,9140,15,,,0,70,,9141,15,,,0,30,,9142,15,,,0,70,,9143,15,,,0,24,,9144,15,,,0,70,,9145,15,,,0,100,,9146,15,,,0,100,,9147,15,,,0,100,,9148,15,,,0,100,,9149,15,,,0,100,,9150,15,,,0
4300,'13301',2521,,9151,15,,,0,100,,9152,15,,,0,100,,9153,15,,,0
4300,'2',651,,12115,15,,,0,100,,12116,15,,,0,100,,12117,15,,,0,100,,12118,15,,,0,100,,12119,15,,,0,70,,12133,15,,,0,30,,12120,15,,,0,70,,12134,15,,,0,30,,12121,15,,,0,70,,12135,15,,,0,30,,12122,15,,,0,70,,12136,15,,,0,30,,12123,15,,,0,70,,12137,15,,,0,30,,12124,15,,,0,70,,12138,15,,,0,30,,12125,15,,,0,70,,12139,15,,,0,30,,12126,15,,,0,70,,12140,15,,,0,30,,12127,15,,,0,100,,12128,15,,,0,100,,12129,15,,,0,100,,12130,15,,,0,100,,12131,15,,,0,100,,12132,15,,,0
4300,'3',851,,9154,15,,,0,100,,9155,15,,,0,100,,9156,15,,,0,100,,9157,15,,,0,100,,9158,15,,,0,100,,9159,15,,,0,100,,9160,15,,,0,100,,9161,15,,,0,100,,9162,15,,,0,100,,9163,15,,,0,100,,9164,15,,,0,100,,9165,15,,,0,100,,9166,15,,,0,100,,9167,15,,,0
4400,'1',639,,9221,15,,,0,70,,9222,15,,,0,29,,9223,15,,,0,70,,9224,15,,,0,30,,9225,15,,,0,70,,9226,15,,,0,29,,9227,15,,,0,69,,9228,15,,,0,30,,9229,15,,,0,70,,9230,15,,,0,30,,9231,15,,,0,70,,9232,15,,,0,30,,9233,15,,,0,70,,9234,15,,,0,30,,9235,15,,,0,70,,9236,15,,,0,30,,9237,15,,,0,70,,9238,15,,,0,29,,9239,15,,,0,70,,9240,15,,,0,30,,9241,15,,,0,70,,9242,15,,,0,30,,9243,15,,,0,70,,9244,15,,,0,96,,9245,15,,,0,100,,9246,15,,,0,100,,9247,15,,,0,100,,9248,15,,,0,100,,9249,15,,,0,101,,9250,15,,,0
4400,'13301',2501,,9251,15,,,0,100,,9252,15,,,0,100,,9253,15,,,0
4400,'2',731,,12176,15,,,0,100,,12175,15,,,0,100,,12174,15,,,0,100,,12173,15,,,0,100,,12178,15,,,0,70,,12179,15,,,0,30,,12180,15,,,0,70,,12181,15,,,0,30,,12182,15,,,0,70,,12183,15,,,0,30,,12184,15,,,0,70,,12185,15,,,0,30,,12186,15,,,0,70,,12187,15,,,0,30,,12188,15,,,0,70,,12189,15,,,0,30,,12190,15,,,0,70,,12191,15,,,0,30,,12192,15,,,0,70,,12193,15,,,0,30,,12172,15,,,0,100,,12171,15,,,0,100,,12170,15,,,0,100,,12169,15,,,0,100,,12168,15,,,0,99,,12167,15,,,0
4400,'3',931,,9266,15,,,0,100,,9265,15,,,0,100,,9261,15,,,0,100,,9260,15,,,0,100,,9259,15,,,0,100,,9258,15,,,0,100,,9257,15,,,0,100,,9256,15,,,0,100,,9255,15,,,0,100,,9254,15,,,0,100,,9264,15,,,0,100,,9263,15,,,0,99,,9262,15,,,0
4500,'1',617,,9318,15,,,0,29,,9319,15,,,0,69,,9320,15,,,0,30,,9321,15,,,0,70,,9322,15,,,0,30,,9323,15,,,0,70,,9324,15,,,0,30,,9325,15,,,0,70,,9326,15,,,0,30,,9327,15,,,0,70,,9328,15,,,0,30,,9329,15,,,0,70,,9330,15,,,0,30,,9331,15,,,0,70,,9332,15,,,0,30,,9333,15,,,0,70,,9334,15,,,0,30,,9335,15,,,0,70,,9336,15,,,0,28,,9337,15,,,0,70,,9338,15,,,0,30,,9339,15,,,0,70,,9340,15,,,0,30,,9341,15,,,0,93,,9342,15,,,0,105,,9343,15,,,0,100,,9344,15,,,0,100,,9345,15,,,0,100,,9346,15,,,0,100,,9347,15,,,0
4500,'13301',2441,,9348,15,,,0,100,,9349,15,,,0,100,,9350,15,,,0
4500,'2',711,,12230,15,,,0,100,,12229,15,,,0,100,,12228,15,,,0,100,,12227,15,,,0,100,,12221,15,,,0,30,,12232,15,,,0,70,,12233,15,,,0,30,,12234,15,,,0,70,,12235,15,,,0,30,,12236,15,,,0,70,,12237,15,,,0,30,,12238,15,,,0,70,,12239,15,,,0,30,,12240,15,,,0,70,,12241,15,,,0,30,,12242,15,,,0,70,,12243,15,,,0,30,,12244,15,,,0,70,,12245,15,,,0,30,,12246,15,,,0,70,,12247,15,,,0,100,,12226,15,,,0,100,,12225,15,,,0,100,,12224,15,,,0,99,,12223,15,,,0,100,,12222,15,,,0
4500,'3',911,,9363,15,,,0,100,,9362,15,,,0,100,,9351,15,,,0,100,,9361,15,,,0,100,,9360,15,,,0,100,,9359,15,,,0,100,,9358,15,,,0,100,,9357,15,,,0,100,,9356,15,,,0,100,,9355,15,,,0,100,,9354,15,,,0,100,,9353,15,,,0,99,,9352,15,,,0
4600,'1',624,,9412,15,,,0,29,,9413,15,,,0,69,,9414,15,,,0,30,,9415,15,,,0,70,,9416,15,,,0,30,,9417,15,,,0,71,,9418,15,,,0,30,,9419,15,,,0,70,,9420,15,,,0,30,,9421,15,,,0,70,,9422,15,,,0,30,,9423,15,,,0,70,,9424,15,,,0,30,,9425,15,,,0,70,,9426,15,,,0,30,,9427,15,,,0,70,,9428,15,,,0,29,,9429,15,,,0,67,,9430,15,,,0,30,,9431,15,,,0,70,,9432,15,,,0,30,,9433,15,,,0,70,,9434,15,,,0,30,,9435,15,,,0,70,,9436,15,,,0
