101,'1',631,,6264,1,,,0,70,,6265,1,,,0,30,,6266,1,,,0,70,,6267,1,,,0,30,,6268,1,,,0,70,,6269,1,,,0,30,,6270,1,,,0,70,,6271,1,,,0,30,,6272,1,,,0,70,,6273,1,,,0,30,,6274,1,,,0,70,,6275,1,,,0,30,,6276,1,,,0,70,,6277,1,,,0,30,,6278,1,,,0,70,,6279,1,,,0,30,,6280,1,,,0,70,,6281,1,,,0,30,,6282,1,,,0,70,,6283,1,,,0,30,,6284,1,,,0,70,,6285,1,,,0,30,,6286,1,,,0,70,,6287,1,,,0,30,,6288,1,,,0,100,,6289,1,,,0,100,,6290,1,,,0,100,,6291,1,,,0,100,,6292,1,,,0,100,,6293,1,,,0,86,,6294,1,,,0
101,'13301',2531,,6295,1,,,0,100,,6296,1,,,0,100,,6297,1,,,0
101,'3',831,,6298,1,,,0,100,,6299,1,,,0,100,,6300,1,,,0,100,,6301,1,,,0,100,,6302,1,,,0,100,,6303,1,,,0,100,,6304,1,,,0,100,,6305,1,,,0,100,,6306,1,,,0,100,,6307,1,,,0,100,,6308,1,,,0,100,,6309,1,,,0,100,,6310,1,,,0,86,,6311,1,,,0
701,'1',624,,7083,42,4,,0,30,,7082,42,4,,0,70,,7081,42,4,,0,33,,7080,42,4,,0,70,,7079,42,4,,0,30,,7078,42,4,,0,70,,7077,42,4,,0,30,,7076,42,4,,0,70,,7075,42,4,,0,30,,7074,42,4,,0,70,,7073,42,4,,0,30,,7072,42,4,,0,70,,7071,42,4,,0,30,,7070,42,4,,0,70,,7069,42,4,,0,30,,7068,42,4,,0,70,,7067,42,4,,0,30,,7066,42,4,,0,70,,7065,42,4,,0,30,,7064,42,4,,0,70,,7063,42,4,,0,30,,7062,42,4,,0,70,,7061,42,4,,0,30,,7060,42,4,,0,70,,7059,42,4,,0,30,,7058,42,4,,0,67,,7057,42,4,,0,100,,7056,42,4,,0,100,,7055,42,4,,0,100,,7054,42,4,,0,100,,7053,42,4,,0,91,,7052,42,4,,0
701,'13301',2521,,7084,42,4,,0,100,,7085,42,4,,0,100,,7086,42,4,,0
701,'3',926,,7099,42,4,,0,100,,7098,42,4,,0,100,,7097,42,4,,0,100,,7096,42,4,,0,100,,7095,42,4,,0,100,,7094,42,4,,0,100,,7093,42,4,,0,100,,7092,42,4,,0,100,,7091,42,4,,0,100,,7090,42,4,,0,100,,7089,42,4,,0,100,,7088,42,4,,0,91,,7087,42,4,,0
1200,'1',616,,7698,1,,,0,30,,7699,1,,,0,70,,7700,1,,,0,30,,7701,1,,,0,70,,7702,1,,,0,30,,7703,1,,,0,70,,7704,1,,,0,30,,7705,1,,,0,70,,7706,1,,,0,30,,7707,1,,,0,70,,7708,1,,,0,30,,7709,1,,,0,70,,7710,1,,,0,30,,7711,1,,,0,70,,7712,1,,,0,30,,7713,1,,,0,70,,7714,1,,,0,30,,7715,1,,,0,70,,7716,1,,,0,30,,7717,1,,,0,70,,7718,1,,,0,30,,7719,1,,,0,70,,7720,1,,,0,30,,7721,1,,,0,70,,7722,1,,,0,100,,7723,1,,,0,100,,7724,1,,,0,100,,7725,1,,,0,100,,7726,1,,,0,100,,7727,1,,,0,101,,7728,1,,,0
1200,'13301',2516,,7729,1,,,0,100,,7730,1,,,0,100,,7731,1,,,0
1200,'3',916,,7732,1,,,0,100,,7733,1,,,0,100,,7734,1,,,0,100,,7735,1,,,0,100,,7736,1,,,0,100,,7737,1,,,0,100,,7738,1,,,0,100,,7739,1,,,0,100,,7740,1,,,0,100,,7741,1,,,0,100,,7742,1,,,0,100,,7743,1,,,0,101,,7744,1,,,0
1900,'1',614,,8466,37,4,,0,30,,8467,37,4,,0,70,,8468,37,4,,0,30,,8469,37,4,,0,70,,8470,37,4,,0,30,,8497,37,4,,0,70,,8471,37,4,,0,30,,8472,37,4,,0,70,,8473,37,4,,0,30,,8474,37,4,,0,70,,8475,37,4,,0,30,,8476,37,4,,0,70,,8477,37,4,,0,30,,8478,37,4,,0,70,,8479,37,4,,0,30,,8480,37,4,,0,70,,8481,37,4,,0,30,,8482,37,4,,0,70,,8483,37,4,,0,30,,8484,37,4,,0,70,,8485,37,4,,0,30,,8486,37,4,,0,70,,8487,37,4,,0,30,,8488,37,4,,0,70,,8489,37,4,,0,30,,8490,37,4,,0,70,,8491,37,4,,0,100,,8492,37,4,,0,100,,8493,37,4,,0,100,,8494,37,4,,0,100,,8495,37,4,,0,100,,8496,37,4,,0
1900,'13301',2515,,8498,37,4,,0,100,,8499,37,4,,0,100,,8500,37,4,,0
1900,'3',914,,8514,37,4,,0,100,,8513,37,4,,0,100,,8512,37,4,,0,100,,8511,37,4,,0,100,,8510,37,4,,0,100,,8509,37,4,,0,100,,8508,37,4,,0,100,,8507,37,4,,0,100,,8506,37,4,,0,100,,8505,37,4,,0,100,,8504,37,4,,0,100,,8503,37,4,,0,100,,8502,37,4,,0,43,,8501,26,4,,0
