1000,'1',630,,7469,1,,,0,22,,7470,1,,,0,62,,7471,1,,,0,22,,7472,1,,,0,22,,7473,1,,,0,62,,7474,1,,,0,22,,7475,1,,,0,62,,7476,1,,,0,22,,7477,1,,,0,22,,7478,1,,,0,62,,7479,1,,,0,22,,7480,1,,,0,22,,7481,1,,,0,62,,7482,1,,,0,22,,7483,1,,,0,62,,7484,1,,,0,22,,7495,1,,,0,22,,7496,1,,,0,62,,7497,1,,,0,22,,7498,1,,,0,22,,7499,1,,,0,62,,7500,1,,,0,22,,7501,1,,,0,22,,7502,1,,,0,62,,7503,1,,,0,22,,7504,1,,,0,62,,7505,1,,,0,22,,7506,1,,,0,22,,7507,1,,,0,62,,7508,1,,,0,22,,7509,1,,,0,22,,7510,1,,,0,62,,7485,1,,,0,22,,7486,1,,,0,80,,7487,1,,,0,40,,7488,1,,,0,80,,7489,1,,,0,80,,7490,1,,,0,40,,7491,1,,,0,80,,7492,1,,,0,80,,7493,1,,,0,40,,7494,1,,,0,80,,7511,1,,,0
1000,'13301',2516,,7512,1,,,0,40,,7513,1,,,0,80,,7514,1,,,0,80,,7515,1,,,0
1000,'3',823,,7516,1,,,0,80,,7517,1,,,0,40,,7518,1,,,0,80,,7519,1,,,0,80,,7520,1,,,0,40,,7521,1,,,0,80,,7522,1,,,0,80,,7523,1,,,0,40,,7524,1,,,0,80,,7525,1,,,0,80,,7526,1,,,0,40,,7527,1,,,0,80,,7528,1,,,0,80,,7529,1,,,0,40,,7530,1,,,0,80,,7531,1,,,0,80,,7532,1,,,0,40,,7533,1,,,0,80,,7534,1,,,0,80,,7535,1,,,0
1001,'1',624,,7579,19,4,,0,22,,7578,19,4,,0,64,,7536,19,4,,0,22,,7537,19,4,,0,22,,7538,19,4,,0,62,,7539,19,4,,0,22,,7540,19,4,,0,62,,7541,19,4,,0,21,,7542,19,4,,0,22,,7543,19,4,,0,62,,7544,19,4,,0,22,,7545,19,4,,0,22,,7546,19,4,,0,62,,7547,19,4,,0,22,,7548,19,4,,0,22,,7549,19,4,,0,62,,7550,19,4,,0,22,,7551,19,4,,0,62,,7552,19,4,,0,22,,7553,19,4,,0,22,,7554,19,4,,0,62,,7555,19,4,,0,22,,7556,19,4,,0,22,,7557,19,4,,0,62,,7558,19,4,,0,23,,7559,19,4,,0,22,,7560,19,4,,0,62,,7561,19,4,,0,22,,7562,19,4,,0,62,,7563,19,4,,0,22,,7564,19,4,,0,22,,7565,19,4,,0,62,,7566,19,4,,0,22,,7567,19,4,,0,21,,7568,19,4,,0,60,,7569,19,4,,0,40,,7570,19,4,,0,80,,7571,19,4,,0,80,,7572,19,4,,0,40,,7573,19,4,,0,80,,7574,19,4,,0,80,,7575,19,4,,0,40,,7576,19,4,,0,80,,7577,19,4,,0
1001,'13301',2513,,7580,19,4,,0,40,,7581,19,4,,0,80,,7582,19,4,,0,80,,7583,19,4,,0
1001,'3',900,,7584,19,4,,0,40,,7585,19,4,,0,80,,7586,19,4,,0,80,,7587,19,4,,0,40,,7588,19,4,,0,80,,7589,19,4,,0,80,,7590,19,4,,0,40,,7591,19,4,,0,80,,7592,19,4,,0,80,,7593,19,4,,0,40,,7594,19,4,,0,80,,7595,19,4,,0,80,,7596,19,4,,0,40,,7597,19,4,,0,80,,7598,19,4,,0,80,,7599,19,4,,0,40,,7600,19,4,,0,80,,7601,19,4,,0,80,,7602,19,4,,0,40,,7603,19,4,,0
1700,'1',607,,8155,1,,,0,40,,8156,1,,,0,56,,8083,9,4,,0,4,,8100,1,,,0,16,,8084,9,4,,0,4,,8101,1,,,0,16,,8085,9,4,,0,4,,8102,1,,,0,56,,8086,9,4,,0,4,,8103,1,,,0,16,,8087,9,4,,0,4,,8104,1,,,0,16,,8088,9,4,,0,4,,8105,1,,,0,56,,8089,9,4,,0,4,,8106,1,,,0,16,,8090,9,4,,0,2,,8107,1,,,0,18,,8117,9,4,,0,4,,8128,1,,,0,69,,8118,9,4,,0,3,,8129,1,,,0,32,,8119,9,4,,0,3,,8130,1,,,0,67,,8120,9,4,,0,3,,8131,1,,,0,27,,8121,9,4,,0,3,,8132,1,,,0,67,,8122,9,4,,0,3,,8133,1,,,0,27,,8123,9,4,,0,3,,8134,1,,,0,67,,8124,9,4,,0,3,,8135,1,,,0,27,,8125,9,4,,0,3,,8136,1,,,0,72,,8126,9,4,,0,5,,8137,1,,,0,18,,8127,9,4,,0,4,,8138,1,,,0,56,,8163,9,4,,0,3,,8164,1,,,0,16,,8091,9,4,,0,3,,8108,1,,,0,15,,8092,9,4,,0,4,,8109,1,,,0,56,,8093,9,4,,0,4,,8110,1,,,0,16,,8094,9,4,,0,4,,8111,1,,,0,16,,8095,9,4,,0,4,,8112,1,,,0,56,,8096,9,4,,0,4,,8113,1,,,0,16,,8097,9,4,,0,4,,8114,1,,,0,16,,8098,9,4,,0,4,,8115,1,,,0,56,,8099,9,4,,0,4,,8116,1,,,0,16,,8139,9,4,,0,4,,8142,1,,,0,16,,8140,9,4,,0,66,,8141,9,4,,0,4,,8143,1,,,0,41,,8144,9,4,,0,44,,8150,1,,,0,41,,8145,9,4,,0,4,,8151,1,,,0,81,,8146,9,4,,0,4,,8152,1,,,0,81,,8147,9,4,,0,4,,8153,1,,,0,43,,8148,14,4,,0,42,,8154,1,,,0,41,,8149,9,4,,0,4,,8157,1,,,0,80,,8165,9,4,,0,5,,8166,1,,,0
1700,'13301',2512,,8167,9,4,,0,4,,8171,1,,,0,41,,8168,9,4,,0,44,,8172,1,,,0,41,,8169,9,4,,0,4,,8173,1,,,0,81,,8170,9,4,,0
1700,'14001',737,,8174,1,,,0,20,,8175,1,,,0,60,,8176,1,,,0,20,,8177,1,,,0,20,,8178,1,,,0,643,,8189,1,,,0,20,,8179,1,,,0,20,,8180,1,,,0,60,,8181,1,,,0,20,,8182,1,,,0,20,,8183,1,,,0,60,,8184,1,,,0,20,,8185,1,,,0
1700,'3',900,,8190,9,4,,0,8,,8206,1,,,0,37,,8191,9,4,,0,8,,8207,1,,,0,77,,8192,9,4,,0,8,,8208,1,,,0,77,,8193,9,4,,0,8,,8209,1,,,0,77,,8194,9,4,,0,8,,8210,1,,,0,37,,8195,9,4,,0,8,,8211,1,,,0,77,,8223,9,4,,0,8,,8212,1,,,0,77,,8196,9,4,,0,8,,8213,1,,,0,77,,8197,9,4,,0,8,,8214,1,,,0,37,,8198,9,4,,0,8,,8215,1,,,0,77,,8199,9,4,,0,8,,8216,1,,,0,77,,8200,9,4,,0,8,,8217,1,,,0,77,,8201,9,4,,0,8,,8218,1,,,0,37,,8202,9,4,,0,8,,8219,1,,,0,77,,8203,9,4,,0,8,,8220,1,,,0,77,,8204,9,4,,0,8,,8221,1,,,0,77,,8205,9,4,,0,8,,8222,1,,,0
1800,'1',624,,8365,40,4,,0,28,,8366,40,4,,0,68,,8367,40,4,,0,28,,8368,40,4,,0,68,,8369,40,4,,0,28,,8370,40,4,,0,68,,8371,40,4,,0,28,,8372,40,4,,0,68,,8373,40,4,,0,28,,8374,40,4,,0,68,,8375,40,4,,0,28,,8376,40,4,,0,68,,8377,40,4,,0,28,,8378,40,4,,0,28,,8379,40,4,,0,68,,8380,40,4,,0,28,,8381,40,4,,0,68,,8382,40,4,,0,28,,8383,40,4,,0,68,,8384,40,4,,0,28,,8385,40,4,,0,68,,8386,40,4,,0,28,,8387,40,4,,0,68,,8388,40,4,,0,28,,8389,40,4,,0,68,,8390,40,4,,0,28,,8391,40,4,,0,26,,8392,40,4,,0,68,,8398,40,4,,0,100,,8393,40,4,,0,100,,8394,40,4,,0,100,,8395,40,4,,0,100,,8396,40,4,,0,100,,8397,40,4,,0
1800,'13301',2526,,8399,40,4,,0,100,,8400,40,4,,0,100,,8401,40,4,,0
1800,'3',922,,8402,40,4,,0,100,,8403,40,4,,0,100,,8404,40,4,,0,100,,8405,40,4,,0,100,,8406,40,4,,0,100,,8407,40,4,,0,100,,8408,40,4,,0,100,,8409,40,4,,0,100,,8410,40,4,,0,100,,8411,40,4,,0,100,,8412,40,4,,0,100,,8413,40,4,,0,100,,8414,40,4,,0
1801,'1',628,,8415,1,,,0,28,,8416,1,,,0,68,,8417,1,,,0,28,,8418,1,,,0,68,,8419,1,,,0,28,,8420,1,,,0,68,,8421,1,,,0,28,,8422,1,,,0,68,,8423,1,,,0,28,,8424,1,,,0,68,,8425,1,,,0,28,,8426,1,,,0,68,,8427,1,,,0,28,,8428,1,,,0,68,,8429,1,,,0,28,,8430,1,,,0,28,,8431,1,,,0,68,,8432,1,,,0,28,,8433,1,,,0,68,,8434,1,,,0,28,,8435,1,,,0,68,,8436,1,,,0,28,,8437,1,,,0,68,,8438,1,,,0,28,,8439,1,,,0,68,,8440,1,,,0,28,,8441,1,,,0,66,,8442,1,,,0,28,,8447,1,,,0,100,,8443,1,,,0,100,,8444,1,,,0,100,,8445,1,,,0,100,,8446,1,,,0,100,,8448,1,,,0
1801,'13301',2530,,8449,1,,,0,100,,8450,1,,,0,100,,8451,1,,,0
1801,'3',826,,8452,1,,,0,100,,8453,1,,,0,100,,8454,1,,,0,100,,8455,1,,,0,100,,8456,1,,,0,100,,8457,1,,,0,100,,8458,1,,,0,100,,8459,1,,,0,100,,8460,1,,,0,100,,8461,1,,,0,100,,8462,1,,,0,100,,8463,1,,,0,100,,8464,1,,,0,100,,8465,1,,,0
2600,'1',623,,8603,1,,,0,30,,8604,1,,,0,70,,8605,1,,,0,30,,8606,1,,,0,70,,8607,1,,,0,30,,8608,1,,,0,70,,8609,1,,,0,30,,8610,1,,,0,70,,8611,1,,,0,30,,8612,1,,,0,70,,8613,1,,,0,30,,8614,1,,,0,70,,8615,1,,,0,30,,8616,1,,,0,70,,8617,1,,,0,30,,8618,1,,,0,70,,8619,1,,,0,30,,8620,1,,,0,70,,8621,1,,,0,30,,8622,1,,,0,70,,8623,1,,,0,30,,8624,1,,,0,70,,8625,1,,,0,30,,8626,1,,,0,70,,8627,1,,,0,25,,8594,1,,,0,80,,8595,1,,,0,80,,8596,1,,,0,40,,8597,1,,,0,80,,8598,1,,,0,80,,8599,1,,,0,40,,8600,1,,,0,80,,8601,1,,,0,80,,8602,1,,,0
2600,'13301',2448,,8628,1,,,0,80,,8629,1,,,0,80,,8630,1,,,0,40,,8631,1,,,0
2600,'3',928,,8633,1,,,0,80,,8634,1,,,0,40,,8635,1,,,0,80,,8636,1,,,0,80,,8637,1,,,0,40,,8638,1,,,0,80,,8639,1,,,0,80,,8640,1,,,0,40,,8641,1,,,0,80,,8642,1,,,0,80,,8643,1,,,0,40,,8644,1,,,0,80,,8645,1,,,0,80,,8646,1,,,0,40,,8647,1,,,0,80,,8648,1,,,0,80,,8649,1,,,0,40,,8650,1,,,0,80,,8651,1,,,0
2601,'1',700,,8661,19,4,,0,31,,8662,19,4,,0,73,,8663,19,4,,0,30,,8664,19,4,,0,70,,8665,19,4,,0,30,,8666,19,4,,0,70,,8667,19,4,,0,27,,8668,19,4,,0,70,,8669,19,4,,0,30,,8670,19,4,,0,70,,8671,19,4,,0,30,,8672,19,4,,0,70,,8673,19,4,,0,30,,8674,19,4,,0,70,,8675,19,4,,0,30,,8676,19,4,,0,70,,8677,19,4,,0,29,,8678,19,4,,0,73,,8679,19,4,,0,30,,8680,19,4,,0,70,,8681,19,4,,0,30,,8682,19,4,,0,70,,8683,19,4,,0,30,,8684,19,4,,0,70,,8685,19,4,,0,20,,8652,19,4,,0,80,,8653,19,4,,0,40,,8654,19,4,,0,80,,8655,19,4,,0,80,,8656,19,4,,0,40,,8657,19,4,,0,80,,8658,19,4,,0,80,,8659,19,4,,0,40,,8660,19,4,,0
2601,'13301',2523,,8686,19,4,,0,80,,8687,19,4,,0,40,,8688,19,4,,0,80,,8689,19,4,,0
2601,'3',923,,8690,19,4,,0,80,,8691,19,4,,0,40,,8692,19,4,,0,80,,8693,19,4,,0,80,,8694,19,4,,0,40,,8695,19,4,,0,80,,8696,19,4,,0,80,,8697,19,4,,0,40,,8698,19,4,,0,80,,8699,19,4,,0,80,,8700,19,4,,0,40,,8701,19,4,,0,80,,8702,19,4,,0,80,,8703,19,4,,0,40,,8704,19,4,,0,80,,8705,19,4,,0,80,,8706,19,4,,0,40,,8707,19,4,,0,80,,8708,19,4,,0,34,,8709,19,4,,0
2700,'1',608,,8710,1,,,0,30,,8721,1,,,0,70,,8722,1,,,0,30,,8723,1,,,0,70,,8724,1,,,0,30,,8725,1,,,0,70,,8726,1,,,0,30,,8727,1,,,0,70,,8728,1,,,0,30,,8729,1,,,0,70,,8730,1,,,0,30,,8731,1,,,0,70,,8732,1,,,0,30,,8733,1,,,0,70,,8734,1,,,0,30,,8735,1,,,0,70,,8736,1,,,0,30,,8737,1,,,0,70,,8738,1,,,0,30,,8739,1,,,0,70,,8740,1,,,0,30,,8741,1,,,0,70,,8742,1,,,0,30,,8743,1,,,0,70,,8744,1,,,0,40,,8712,1,,,0,80,,8713,1,,,0,80,,8714,1,,,0,40,,8715,1,,,0,80,,8716,1,,,0,80,,8717,1,,,0,40,,8718,1,,,0,80,,8719,1,,,0,80,,8720,1,,,0
2700,'13301',2448,,8745,1,,,0,80,,8746,1,,,0,80,,8747,1,,,0,40,,8748,1,,,0
2700,'3',828,,8749,1,,,0,80,,8750,1,,,0,40,,8751,1,,,0,80,,8752,1,,,0,80,,8753,1,,,0,40,,8754,1,,,0,80,,8755,1,,,0,80,,8756,1,,,0,40,,8757,1,,,0,80,,8758,1,,,0,80,,8759,1,,,0,40,,8760,1,,,0,80,,8761,1,,,0,80,,8762,1,,,0,40,,8763,1,,,0,80,,8764,1,,,0,80,,8765,1,,,0,40,,8766,1,,,0,80,,8767,1,,,0,80,,8768,1,,,0
2701,'1',605,,8802,19,4,,0,40,,8777,19,4,,0,70,,8778,19,4,,0,32,,8779,19,4,,0,70,,8780,19,4,,0,30,,8781,19,4,,0,70,,8782,19,4,,0,30,,8783,19,4,,0,70,,8784,19,4,,0,30,,8785,19,4,,0,70,,8786,19,4,,0,30,,8787,19,4,,0,70,,8788,19,4,,0,30,,8789,19,4,,0,70,,8790,19,4,,0,30,,8791,19,4,,0,70,,8792,19,4,,0,30,,8793,19,4,,0,70,,8794,19,4,,0,31,,8795,19,4,,0,70,,8796,19,4,,0,30,,8797,19,4,,0,70,,8798,19,4,,0,30,,8799,19,4,,0,70,,8800,19,4,,0,30,,8801,19,4,,0,77,,8769,19,4,,0,80,,8770,19,4,,0,40,,8771,19,4,,0,80,,8772,19,4,,0,80,,8773,19,4,,0,40,,8774,19,4,,0,80,,8775,19,4,,0,80,,8776,19,4,,0
2701,'13301',2525,,8803,19,4,,0,80,,8804,19,4,,0,40,,8805,19,4,,0,80,,8806,19,4,,0
2701,'3',907,,8807,19,4,,0,40,,8808,19,4,,0,80,,8809,19,4,,0,80,,8810,19,4,,0,40,,8811,19,4,,0,80,,8812,19,4,,0,80,,8813,19,4,,0,40,,8814,19,4,,0,80,,8815,19,4,,0,80,,8816,19,4,,0,40,,8817,19,4,,0,80,,8818,19,4,,0,80,,8819,19,4,,0,40,,8820,19,4,,0,80,,8821,19,4,,0,80,,8822,19,4,,0,40,,8823,19,4,,0,80,,8824,19,4,,0,80,,8825,19,4,,0,40,,8826,19,4,,0
2900,'1',708,,8827,1,,,0,40,,8830,1,,,0,80,,8831,1,,,0,80,,8832,1,,,0,40,,8833,1,,,0,80,,8834,1,,,0,80,,8835,1,,,0,40,,8836,1,,,0,80,,8837,1,,,0,80,,8838,1,,,0,40,,8839,1,,,0,80,,8840,1,,,0,80,,8841,1,,,0,40,,8842,1,,,0,80,,8843,1,,,0,80,,8844,1,,,0,40,,8845,1,,,0
2901,'1',705,,8846,27,4,,0,40,,8847,27,4,,0,80,,8848,27,4,,0,80,,8849,27,4,,0,40,,8850,27,4,,0,80,,8851,27,4,,0,80,,8852,27,4,,0,40,,8853,27,4,,0,80,,8854,27,4,,0,80,,8855,27,4,,0,40,,8856,27,4,,0,80,,8863,27,4,,0,80,,8857,27,4,,0,40,,8858,27,4,,0,80,,8859,27,4,,0,80,,8860,27,4,,0,40,,8861,27,4,,0,80,,8862,27,4,,0
5000,'1',630,,9463,1,,,0,70,,9464,1,,,0,30,,9465,1,,,0,70,,9466,1,,,0,30,,9467,1,,,0,70,,9468,1,,,0,30,,9469,1,,,0,70,,9470,1,,,0,30,,9471,1,,,0,70,,9472,1,,,0,30,,9473,1,,,0,70,,9474,1,,,0,30,,9475,1,,,0,70,,9476,1,,,0,30,,9477,1,,,0,70,,9478,1,,,0,30,,9479,1,,,0,70,,9480,1,,,0,30,,9481,1,,,0,70,,9482,1,,,0,30,,9483,1,,,0,70,,9484,1,,,0,30,,9485,1,,,0,70,,9486,1,,,0,30,,9487,1,,,0,100,,9488,1,,,0,100,,9489,1,,,0,100,,9490,1,,,0,100,,9491,1,,,0,100,,9492,1,,,0
5000,'13301',2430,,9495,1,,,0,100,,9496,1,,,0,100,,9497,1,,,0
5000,'3',938,,9499,1,,,0,100,,9500,1,,,0,100,,9503,1,,,0,100,,9504,1,,,0,100,,9505,1,,,0,100,,9506,1,,,0,100,,9507,1,,,0,100,,9508,1,,,0,100,,9509,1,,,0,100,,9510,1,,,0,100,,9501,1,,,0,100,,9502,1,,,0
5001,'1',624,,9539,21,4,,0,30,,9540,21,4,,0,70,,9511,21,4,,0,30,,9512,21,4,,0,70,,9513,21,4,,0,30,,9514,21,4,,0,70,,9515,21,4,,0,30,,9516,21,4,,0,70,,9517,21,4,,0,30,,9518,21,4,,0,70,,9519,21,4,,0,30,,9520,21,4,,0,70,,9521,21,4,,0,30,,9522,21,4,,0,70,,9523,21,4,,0,30,,9524,21,4,,0,70,,9525,21,4,,0,30,,9526,21,4,,0,75,,9527,21,4,,0,26,,9528,21,4,,0,70,,9529,21,4,,0,30,,9530,21,4,,0,70,,9531,21,4,,0,30,,9532,21,4,,0,70,,9533,21,4,,0,30,,9541,21,4,,0,69,,9534,21,4,,0,100,,9535,21,4,,0,100,,9536,21,4,,0,100,,9537,21,4,,0,100,,9538,21,4,,0,100,,9542,21,4,,0
5001,'13301',2524,,9543,21,4,,0,100,,9544,21,4,,0,100,,9545,21,4,,0
5001,'3',932,,9549,21,4,,0,100,,9550,21,4,,0,100,,9551,21,4,,0,100,,9552,21,4,,0,100,,9553,21,4,,0,100,,9554,21,4,,0,100,,9555,21,4,,0,100,,9556,21,4,,0,100,,9557,21,4,,0,100,,9558,21,4,,0,100,,9546,21,4,,0,100,,9547,21,4,,0,99,,9548,21,4,,0
5500,'1',615,,9559,1,,,0,30,,9560,1,,,0,70,,9561,1,,,0,30,,9562,1,,,0,70,,9563,1,,,0,30,,9564,1,,,0,70,,9565,1,,,0,30,,9566,1,,,0,70,,9567,1,,,0,30,,9568,1,,,0,70,,9569,1,,,0,30,,9570,1,,,0,70,,9571,1,,,0,30,,9572,1,,,0,70,,9573,1,,,0,30,,9574,1,,,0,70,,9575,1,,,0,30,,9576,1,,,0,70,,9577,1,,,0,30,,9578,1,,,0,70,,9579,1,,,0,30,,9580,1,,,0,70,,9581,1,,,0,30,,9582,1,,,0,70,,9583,1,,,0,85,,9584,1,,,0,100,,9585,1,,,0,100,,9586,1,,,0,100,,9587,1,,,0,100,,9588,1,,,0,100,,9589,1,,,0
5500,'13301',2500,,9592,1,,,0,100,,9593,1,,,0,100,,9594,1,,,0
5500,'3',908,,9595,1,,,0,100,,9596,1,,,0,100,,9597,1,,,0,100,,9598,1,,,0,100,,9599,1,,,0,100,,9600,1,,,0,100,,9601,1,,,0,100,,9602,1,,,0,100,,9603,1,,,0,100,,9604,1,,,0,100,,9605,1,,,0,100,,9606,1,,,0,100,,9607,1,,,0
5501,'1',610,,9638,22,4,,0,30,,9637,22,4,,0,70,,9608,22,4,,0,30,,9609,22,4,,0,70,,9610,22,4,,0,30,,9611,22,4,,0,70,,9612,22,4,,0,30,,9613,22,4,,0,70,,9614,22,4,,0,30,,9615,22,4,,0,70,,9616,22,4,,0,30,,9617,22,4,,0,70,,9618,22,4,,0,30,,9619,22,4,,0,70,,9620,22,4,,0,30,,9621,22,4,,0,70,,9622,22,4,,0,30,,9623,22,4,,0,70,,9624,22,4,,0,34,,9625,22,4,,0,70,,9626,22,4,,0,30,,9627,22,4,,0,70,,9628,22,4,,0,30,,9629,22,4,,0,70,,9630,22,4,,0,30,,9631,22,4,,0,70,,9639,22,4,,0,40,,9632,22,4,,0,100,,9633,22,4,,0,100,,9634,22,4,,0,100,,9635,22,4,,0,100,,9636,22,4,,0
5501,'13301',2554,,9640,22,4,,0,100,,9641,22,4,,0,100,,9642,22,4,,0
5501,'3',1003,,9643,22,4,,0,100,,9644,22,4,,0,100,,9645,22,4,,0,100,,9646,22,4,,0,100,,9647,22,4,,0,100,,9648,22,4,,0,100,,9649,22,4,,0,100,,9650,22,4,,0,100,,9651,22,4,,0,100,,9652,22,4,,0,100,,9653,22,4,,0,100,,9654,22,4,,0,54,,9655,22,4,,0
