6001,'1',622,,9708,7,,,0,30,,9732,7,,,0,62,,9740,7,,,0,8,,9731,7,,,0,22,,9741,7,,,0,8,,9730,7,,,0,62,,9742,7,,,0,8,,9729,7,,,0,30,,9728,7,,,0,70,,9727,7,,,0,30,,9726,7,,,0,70,,9725,7,,,0,30,,9724,7,,,0,70,,9723,7,,,0,30,,9722,7,,,0,70,,9721,7,,,0,30,,9720,7,,,0,70,,9719,7,,,0,30,,9718,7,,,0,70,,9717,7,,,0,30,,9716,7,,,0,70,,9715,7,,,0,30,,9714,7,,,0,70,,9713,7,,,0,22,,9743,8,,,0,8,,9712,7,,,0,7,,9744,8,,,0,63,,9738,7,,,0,30,,9739,7,,,0,70,,9711,7,,,0,100,,9710,7,,,0,100,,9733,7,,,0,100,,9734,7,,,0,100,,9735,7,,,0,100,,9736,7,,,0,100,,9737,7,,,0
6001,'1201',1559,,9746,8,,,0,55,,9745,8,,,0
6001,'12801',1559,,9747,8,,,0,55,,9748,8,,,0
6001,'13301',2521,,9749,7,,,0,100,,9750,7,,,0,100,,9751,7,,,0
6001,'2',722,,12418,7,,,0,100,,12410,7,,,0,100,,12409,7,,,0,100,,12408,7,,,0,100,,12407,7,,,0,30,,12406,7,,,0,70,,12405,7,,,0,30,,12404,7,,,0,70,,12403,7,,,0,30,,12402,7,,,0,70,,12401,7,,,0,30,,12400,7,,,0,70,,12399,7,,,0,30,,12398,7,,,0,70,,12397,7,,,0,30,,12396,7,,,0,70,,12416,7,,,0,30,,12417,7,,,0,70,,12395,7,,,0,100,,12394,7,,,0,100,,12411,7,,,0,100,,12412,7,,,0,100,,12413,7,,,0,100,,12414,7,,,0,100,,12415,7,,,0
6001,'3',922,,9762,7,,,0,100,,9761,7,,,0,100,,9760,7,,,0,100,,9759,7,,,0,100,,9758,7,,,0,100,,9757,7,,,0,100,,9756,7,,,0,100,,9755,7,,,0,100,,9765,7,,,0,100,,9754,7,,,0,100,,9753,7,,,0,100,,9763,7,,,0,100,,9764,7,,,0
6501,'1',637,,10167,7,,,0,70,,10166,7,,,0,30,,10165,7,,,0,70,,10164,7,,,0,30,,10163,7,,,0,70,,10162,7,,,0,30,,10161,7,,,0,70,,10160,7,,,0,30,,10159,7,,,0,70,,10158,7,,,0,30,,10157,7,,,0,70,,10156,7,,,0,30,,10155,7,,,0,70,,10154,7,,,0,30,,10153,7,,,0,70,,10152,7,,,0,30,,10151,7,,,0,70,,10150,7,,,0,30,,10149,7,,,0,70,,10148,7,,,0,30,,10147,7,,,0,70,,10146,7,,,0,30,,10145,7,,,0,70,,10144,7,,,0,30,,10143,7,,,0,15,,10135,7,,,0,100,,10142,7,,,0,100,,10141,7,,,0,100,,10140,7,,,0,100,,10139,7,,,0,101,,10138,7,,,0
6501,'13301',2452,,10168,7,,,0,100,,10169,7,,,0,100,,10170,7,,,0
6501,'2',652,,12638,7,,,0,100,,12637,7,,,0,100,,12636,7,,,0,100,,12635,7,,,0,100,,12634,7,,,0,55,,12633,7,,,0,30,,12632,7,,,0,70,,12631,7,,,0,30,,12630,7,,,0,70,,12629,7,,,0,30,,12628,7,,,0,70,,12627,7,,,0,30,,12626,7,,,0,70,,12625,7,,,0,30,,12624,7,,,0,70,,12623,7,,,0,30,,12622,7,,,0,70,,12621,7,,,0,30,,12620,7,,,0,70,,12619,7,,,0,30,,12618,7,,,0,15,,12610,7,,,0,100,,12617,7,,,0,100,,12616,7,,,0,100,,12615,7,,,0,100,,12614,7,,,0,101,,12613,7,,,0
6501,'3',852,,10176,7,,,0,100,,10175,7,,,0,100,,10174,7,,,0,100,,10177,7,,,0,100,,10178,7,,,0,100,,10179,7,,,0,100,,10180,7,,,0,100,,10181,7,,,0,100,,10182,7,,,0,100,,10183,7,,,0,100,,10171,7,,,0,100,,10173,7,,,0,100,,10172,7,,,0
