5001,'1',608,,9539,11,,,0,30,,9540,11,,,0,70,,9511,11,,,0,30,,9512,11,,,0,70,,9513,11,,,0,30,,9514,11,,,0,70,,9515,11,,,0,30,,9516,11,,,0,70,,9517,11,,,0,30,,9518,11,,,0,70,,9519,11,,,0,30,,9520,11,,,0,70,,9521,11,,,0,30,,9522,11,,,0,70,,9523,11,,,0,30,,9524,11,,,0,70,,9525,11,,,0,30,,9526,11,,,0,75,5,9527,11,,,0,26,5,9528,11,,,0,70,5,9529,11,,,0,30,5,9530,11,,,0,70,5,9531,11,,,0,30,5,9532,11,,,0,70,5,9533,11,,,0,30,5,9541,11,,,0,69,7,9534,11,,,0,100,7,9535,11,,,0,100,7,9536,11,,,0,100,7,9537,11,,,0,100,7,9538,11,,,0,100,7,9542,11,,,0
5001,'13301',2508,7,9543,11,,,0,100,7,9544,11,,,0,100,7,9545,11,,,0
5001,'2',613,,12298,11,,,0,100,,12299,11,,,0,100,,12300,11,,,0,100,,12301,11,,,0,100,,12302,11,,,0,96,,12303,11,,,0,40,,12304,11,,,0,80,,12305,11,,,0,80,,12306,11,,,0,40,,12307,11,,,0,80,,12308,11,,,0,80,,12309,11,,,0,40,,12310,11,,,0,80,,12311,11,,,0,80,,12312,11,,,0,40,,12313,11,,,0,80,,12314,11,,,0,84,,12315,11,,,0,100,,12316,11,,,0,100,,12317,11,,,0,100,,12318,11,,,0,100,,12319,11,,,0,106,7,12320,11,,,0
5001,'3',916,3,9549,11,,,0,100,3,9550,11,,,0,100,3,9551,11,,,0,100,3,9552,11,,,0,100,3,9553,11,,,0,100,3,9554,11,,,0,100,3,9555,11,,,0,100,3,9556,11,,,0,100,3,9557,11,,,0,100,3,9558,11,,,0,100,3,9546,11,,,0,100,3,9547,11,,,0,99,3,9548,11,,,0
5501,'1',554,,9638,12,,,0,70,,9637,12,,,0,30,,9608,12,,,0,70,,9609,12,,,0,30,,9610,12,,,0,70,,9611,12,,,0,30,,9612,12,,,0,70,,9613,12,,,0,30,,9614,12,,,0,70,,9615,12,,,0,30,,9616,12,,,0,70,,9617,12,,,0,30,,9618,12,,,0,70,,9619,12,,,0,30,,9620,12,,,0,70,,9621,12,,,0,30,,9622,12,,,0,70,,9623,12,,,0,30,,9624,12,,,0,74,4,9625,12,,,0,30,4,9626,12,,,0,70,4,9627,12,,,0,30,4,9628,12,,,0,70,4,9629,12,,,0,30,4,9630,12,,,0,70,4,9631,12,,,0,30,4,9639,12,,,0,80,4,9632,12,,,0,100,4,9633,12,,,0,100,4,9634,12,,,0,100,4,9635,12,,,0,100,4,9636,12,,,0
5501,'13301',2538,4,9640,12,,,0,100,4,9641,12,,,0,100,4,9642,12,,,0
5501,'2',647,3,12365,12,,,0,100,3,12344,12,,,0,100,3,12345,12,,,0,100,3,12346,12,,,0,100,3,12347,12,,,0,91,,12348,12,,,0,75,3,12349,12,,,0,40,3,12350,12,,,0,80,3,12351,12,,,0,80,3,12352,12,,,0,40,3,12353,12,,,0,80,3,12354,12,,,0,80,3,12355,12,,,0,40,3,12356,12,,,0,80,3,12357,12,,,0,80,3,12358,12,,,0,38,3,12359,12,,,0,96,3,12360,12,,,0,100,3,12361,12,,,0,100,3,12362,12,,,0,100,3,12363,12,,,0,100,3,12364,12,,,0
5501,'3',947,3,9643,12,,,0,100,3,9644,12,,,0,100,3,9645,12,,,0,100,3,9646,12,,,0,100,3,9647,12,,,0,100,3,9648,12,,,0,100,3,9649,12,,,0,100,3,9650,12,,,0,100,3,9651,12,,,0,100,3,9652,12,,,0,100,3,9653,12,,,0,100,3,9654,12,,,0,94,3,9655,12,,,0
8601,'1',618,,10415,17,,,0,28,,10416,17,,,0,69,,10417,17,,,0,28,,10418,17,,,0,68,,10419,17,,,0,28,,10420,17,,,0,68,,10421,17,,,0,27,,10422,17,,,0,67,,10423,17,,,0,23,,10424,17,,,0,78,,10425,17,,,0,35,,10426,17,,,0,75,,10427,17,,,0,35,,10428,17,,,0,75,,10429,17,,,0,35,,10430,17,,,0,69,,10431,17,,,0,76,,10432,17,,,0,33,,10433,17,,,0,23,,10434,17,,,0,65,,10435,17,,,0,28,,10436,17,,,0,68,,10437,17,,,0,28,,10438,17,,,0,68,,10439,17,,,0,28,,10440,17,,,0,65,,10441,17,,,0,38,,10442,17,,,0,80,,10443,17,,,0,80,,10444,17,,,0,40,,10445,17,,,0,80,,10446,17,,,0,80,,10447,17,,,0,40,,10448,17,,,0,80,,10449,17,,,0
8601,'13301',2506,,10450,17,,,0,40,,10451,17,,,0,80,,10452,17,,,0,80,,10453,17,,,0
8601,'2',632,,12739,17,,,0,80,,12740,17,,,0,40,,12741,17,,,0,80,,12742,17,,,0,80,,12743,17,,,0,40,,12744,17,,,0,80,,12745,17,,,0,80,,12746,17,,,0,40,,12747,17,,,0,75,,12748,17,,,0,25,,12749,17,,,0,65,,12750,17,,,0,25,,12751,17,,,0,65,,12752,17,,,0,25,,12753,17,,,0,25,,12754,17,,,0,65,,12755,17,,,0,25,,12756,17,,,0,65,,12757,17,,,0,25,,12758,17,,,0,65,,12759,17,,,0,25,,12760,17,,,0,25,,12761,17,,,0,65,,12762,17,,,0,25,,12763,17,,,0,65,,12764,17,,,0,25,,12765,17,,,0,80,,12766,17,,,0,40,,12767,17,,,0,80,,12768,17,,,0,80,,12769,17,,,0,40,,12770,17,,,0,80,,12771,17,,,0,80,,12772,17,,,0
8601,'3',929,,10454,17,,,0,80,,10455,17,,,0,40,,10456,17,,,0,80,,10457,17,,,0,80,,10458,17,,,0,40,,10459,17,,,0,80,,10460,17,,,0,80,,10461,17,,,0,40,,10462,17,,,0,80,,10463,17,,,0,80,,10464,17,,,0,40,,10465,17,,,0,80,,10466,17,,,0,80,,10467,17,,,0,40,,10468,17,,,0,80,,10469,17,,,0,80,,10470,17,,,0,40,,10471,17,,,0,80,,10472,17,,,0
