1101,'1',618,,7681,26,,,0,30,,7680,26,,,0,68,,7679,26,,,0,30,,7678,26,,,0,70,,7677,26,,,0,30,,7676,26,,,0,71,,7675,26,,,0,30,,7674,26,,,0,70,,7673,26,,,0,30,,7672,26,,,0,70,,7671,26,,,0,30,,7670,26,,,0,70,,7669,26,,,0,30,,7668,26,,,0,70,,7667,26,,,0,30,,7666,26,,,0,70,,7665,26,,,0,30,,7664,26,,,0,70,,7663,26,,,0,30,,7662,26,,,0,69,,7661,26,,,0,30,,7660,26,,,0,70,,7659,26,,,0,30,,7658,26,,,0,70,,7657,26,,,0,30,,7656,26,,,0,79,,7655,26,,,0,100,,7654,26,,,0,100,,7653,26,,,0,100,,7652,26,,,0,100,,7651,26,,,0,100,,7650,26,,,0
1101,'13301',2525,,7682,26,,,0,100,,7683,26,,,0,100,,7684,26,,,0
1101,'3',925,,7696,26,,,0,100,,7697,26,,,0,100,,7685,26,,,0,100,,7686,26,,,0,100,,7687,26,,,0,100,,7688,26,,,0,100,,7689,26,,,0,100,,7690,26,,,0,100,,7691,26,,,0,100,,7692,26,,,0,100,,7693,26,,,0,100,,7694,26,,,0,100,,7695,26,,,0
1401,'1',651,,7860,29,,,0,70,,7859,29,,,0,30,,7858,29,,,0,70,,7857,29,,,0,30,,7856,29,,,0,70,,7855,29,,,0,30,,7854,29,,,0,100,,7853,29,,,0,100,,7852,29,,,0,100,,7851,29,,,0,100,,7850,29,,,0,100,,7849,29,,,0,100,,7848,29,,,0,70,,7847,29,,,0,15,,7861,29,,,0,15,,7846,29,,,0,55,,7862,29,,,0,15,,7845,29,,,0,15,,7863,29,,,0,15,,7844,29,,,0,70,,7843,29,,,0,30,,7842,29,,,0,100,,7841,29,,,0,100,,7840,29,,,0,100,,7839,29,,,0,100,,7838,29,,,0,100,,7837,29,,,0
1401,'3',852,,7864,7,,,0,99,,7867,29,,,0,100,,7866,29,,,0,100,,7865,29,,,0,100,,7876,29,,,0,100,,7875,29,,,0,100,,7874,29,,,0,100,,7873,29,,,0,100,,7872,29,,,0,100,,7871,29,,,0,100,,7870,29,,,0,100,,7869,29,,,0,100,,7868,29,,,0
3000,'1',615,,8877,7,,,0,40,,8879,7,,,0,81,,8881,7,,,0,80,,8882,7,,,0,40,,8883,7,,,0,82,,8884,7,,,0,80,,8885,7,,,0,40,,8886,7,,,0,80,,8887,7,,,0,80,,8888,7,,,0,40,,8889,7,,,0,80,,8890,7,,,0,80,,8891,7,,,0,40,,8892,7,,,0,83,,8893,7,,,0,80,,8894,7,,,0,80,,8895,7,,,0,40,,8896,7,,,0,80,,8897,7,,,0,37,,8870,7,,,0,95,,8871,7,,,0,100,,8872,7,,,0,100,,8873,7,,,0,100,,8874,7,,,0,101,,8875,7,,,0
3000,'13301',2453,,8918,7,,,0,100,,8919,7,,,0,100,,8920,7,,,0
3000,'3',855,,8934,7,,,0,100,,8935,7,,,0,100,,8936,7,,,0,100,,8937,7,,,0,100,,8938,7,,,0,100,,8939,7,,,0,100,,8940,7,,,0,100,,8941,7,,,0,100,,8942,7,,,0,100,,8943,7,,,0,100,,8944,7,,,0,100,,8945,7,,,0,100,,8946,7,,,0
3500,'1',634,,9023,7,,,0,81,,9024,7,,,0,40,,9025,7,,,0,80,,9026,7,,,0,80,,9027,7,,,0,43,,9028,7,,,0,80,,9029,7,,,0,80,,9030,7,,,0,40,,9031,7,,,0,80,,9032,7,,,0,80,,9033,7,,,0,40,,9034,7,,,0,80,,9035,7,,,0,83,,9036,7,,,0,80,,9037,7,,,0,40,,9038,7,,,0,80,,9039,7,,,0,80,,9040,7,,,0,37,,9041,7,,,0,85,,8996,7,,,0,100,,8997,7,,,0,100,,8998,7,,,0,100,,8999,7,,,0,100,,9000,7,,,0,101,,9001,7,,,0
3500,'13301',2524,,9043,7,,,0,100,,9044,7,,,0,100,,9045,7,,,0
3500,'3',925,,9059,7,,,0,100,,9060,7,,,0,100,,9061,7,,,0,100,,9062,7,,,0,100,,9063,7,,,0,100,,9064,7,,,0,100,,9065,7,,,0,100,,9066,7,,,0,100,,9067,7,,,0,100,,9068,7,,,0,100,,9071,7,,,0,100,,9072,7,,,0,98,,9073,7,,,0
