501,'1201',1544,,6876,16,4,,0
600,'1',616,,6908,1,0,18 19,0,30,,6909,1,0,18 19,0,70,,6910,1,0,18 19,0,30,,6911,1,0,18 19,0,70,,6912,1,0,18 19,0,30,,6913,1,0,18 19,0,70,,6914,1,0,18 19,0,30,,6915,1,0,18 19,0,70,,6916,1,0,18 19,0,30,,6917,1,0,18 19,0,70,,6918,1,0,18 19,0,30,,6919,1,0,18 19,0,70,,6920,1,0,18 19,0,30,,6921,1,0,18 19,0,70,,6922,1,0,18 19,0,30,,6923,1,0,18 19,0,70,,6924,1,0,18 19,0,30,,6925,1,0,18 19,0,70,,6926,1,0,18 19,0,30,,6927,1,0,18 19,0,70,,6928,1,0,18 19,0,30,,6929,1,0,18 19,0,70,,6930,1,0,18 19,0,30,,6931,1,0,18 19,0,70,,6932,1,0,18 19,0,30,,6933,1,0,18 19,0,100,,6934,1,0,18 19,0,100,,6935,1,0,18 19,0,100,,6936,1,0,18 19,0,100,,6937,1,0,18 19,0,101,,6938,1,0,18 19,0
600,'13301',2447,,6939,1,0,18 19,0,100,,6940,1,0,18 19,0,100,,6941,1,0,18 19,0
600,'3',846,,6942,1,0,18 19,0,100,,6943,1,0,18 19,0,100,,6944,1,0,18 19,0,100,,6945,1,0,18 19,0,100,,6946,1,0,18 19,0,100,,6947,1,0,18 19,0,100,,6948,1,0,18 19,0,100,,6949,1,0,18 19,0,100,,6950,1,0,18 19,0,100,,6951,1,0,18 19,0,100,,6952,1,0,18 19,0,100,,6953,1,0,18 19,0,101,,6954,1,0,18 19,0
601,'1',614,,6986,39,4,,0,30,,6987,39,4,,0,70,,6955,39,4,,0,30,,6956,39,4,,0,70,,6957,39,4,,0,30,,6958,39,4,,0,70,,6959,39,4,,0,30,,6960,39,4,,0,70,,6961,39,4,,0,30,,6962,39,4,,0,70,,6963,39,4,,0,30,,6964,39,4,,0,70,,6965,39,4,,0,30,,6966,39,4,,0,70,,6967,39,4,,0,30,,6968,39,4,,0,70,,6969,39,4,,0,30,,6970,39,4,,0,70,,6971,39,4,,0,30,,6972,39,4,,0,70,,6973,39,4,,0,30,,6974,39,4,,0,70,,6975,39,4,,0,30,,6976,39,4,,0,70,,6977,39,4,,0,30,,6978,39,4,,0,100,,6980,39,4,,0,100,,6981,39,4,,0,100,,6982,39,4,,0,100,,6983,39,4,,0,100,,6984,39,4,,0,95,,6985,39,4,,0
601,'13301',2544,,6988,39,4,,0,100,,6989,39,4,,0,100,,6990,39,4,,0
601,'3',844,,6991,39,4,,0,100,,6992,39,4,,0,100,,6993,39,4,,0,100,,6994,39,4,,0,100,,6995,39,4,,0,100,,6996,39,4,,0,100,,6997,39,4,,0,100,,6998,39,4,,0,100,,6999,39,4,,0,100,,7000,39,4,,0,100,,7001,39,4,,0,100,,7002,39,4,,0,100,,7003,39,4,,0,95,,7004,39,4,,0
6000,'1',644,,9686,20,4,,0,70,,9685,20,4,,0,30,,9684,20,4,,0,70,,9683,20,4,,0,30,,9682,20,4,,0,70,,9681,20,4,,0,30,,9680,20,4,,0,70,,9679,20,4,,0,30,,9678,20,4,,0,70,,9677,20,4,,0,30,,9676,20,4,,0,70,,9675,20,4,,0,30,,9674,20,4,,0,70,,9673,20,4,,0,30,,9672,20,4,,0,70,,9671,20,4,,0,30,,9670,20,4,,0,70,,9669,20,4,,0,30,,9668,20,4,,0,70,,9667,20,4,,0,30,,9666,20,4,,0,70,,9665,20,4,,0,30,,9664,20,4,,0,70,,9663,20,4,,0,30,,9662,20,4,,0,70,,9687,20,4,,0,100,,9661,20,4,,0,100,,9660,20,4,,0,100,,9659,20,4,,0,100,,9658,20,4,,0,100,,9657,20,4,,0
6000,'13301',2513,,9691,20,4,,0,100,,9692,20,4,,0,100,,9693,20,4,,0
6000,'3',914,,9706,20,4,,0,100,,9705,20,4,,0,100,,9704,20,4,,0,100,,9703,20,4,,0,100,,9702,20,4,,0,100,,9701,20,4,,0,100,,9700,20,4,,0,100,,9699,20,4,,0,100,,9698,20,4,,0,100,,9697,20,4,,0,100,,9707,20,4,,0,100,,9696,20,4,,0,100,,9695,20,4,,0
6001,'1',616,,9708,1,,,0,30,,9732,1,,,0,63,,9740,1,,,0,7,,9731,1,,,0,23,,9741,1,,,0,7,,9730,1,,,0,63,,9742,1,,,0,7,,9729,1,,,0,30,,9728,1,,,0,70,,9727,1,,,0,30,,9726,1,,,0,70,,9725,1,,,0,30,,9724,1,,,0,70,,9723,1,,,0,30,,9722,1,,,0,70,,9721,1,,,0,30,,9720,1,,,0,70,,9719,1,,,0,30,,9718,1,,,0,70,,9717,1,,,0,30,,9716,1,,,0,70,,9715,1,,,0,30,,9714,1,,,0,70,,9713,1,,,0,23,,9743,2,,,0,7,,9712,1,,,0,8,,9744,2,,,0,62,,9738,1,,,0,30,,9739,1,,,0,70,,9711,1,,,0,100,,9710,1,,,0,100,,9733,1,,,0,100,,9734,1,,,0,100,,9735,1,,,0,100,,9736,1,,,0,101,,9737,1,,,0
6001,'1201',1554,,9746,2,,,0,55,,9745,2,,,0
6001,'12801',1554,,9747,2,,,0,55,,9748,2,,,0
6001,'13301',2516,,9749,1,,,0,100,,9750,1,,,0,100,,9751,1,,,0
6001,'3',916,,9762,1,,,0,100,,9761,1,,,0,100,,9760,1,,,0,100,,9759,1,,,0,100,,9758,1,,,0,100,,9757,1,,,0,100,,9756,1,,,0,100,,9755,1,,,0,100,,9765,1,,,0,100,,9754,1,,,0,100,,9753,1,,,0,100,,9763,1,,,0,101,,9764,1,,,0
6500,'1',629,,10113,20,4,,0,30,,10114,20,4,,0,70,,10112,20,4,,0,30,,10111,20,4,,0,70,,10110,20,4,,0,30,,10109,20,4,,0,70,,10108,20,4,,0,30,,10107,20,4,,0,70,,10106,20,4,,0,30,,10105,20,4,,0,70,,10104,20,4,,0,30,,10103,20,4,,0,70,,10102,20,4,,0,30,,10101,20,4,,0,70,,10100,20,4,,0,30,,10099,20,4,,0,70,,10098,20,4,,0,30,,10097,20,4,,0,70,,10096,20,4,,0,30,,10095,20,4,,0,70,,10094,20,4,,0,30,,10093,20,4,,0,70,,10092,20,4,,0,30,,10091,20,4,,0,70,,10090,20,4,,0,30,,10089,20,4,,0,85,,10088,20,4,,0,100,,10087,20,4,,0,100,,10083,20,4,,0,100,,10085,20,4,,0,100,,10084,20,4,,0,94,,10086,20,4,,0
6500,'1201',855,,10116,12,4,,0,70,,10117,12,4,,0
6500,'13301',2538,,10118,20,4,,0,100,,10119,20,4,,0,100,,10120,20,4,,0
6500,'3',844,,10126,13,4,,0,100,,10125,20,4,,0,100,,10124,20,4,,0,100,,10127,20,4,,0,100,,10128,20,4,,0,100,,10129,20,4,,0,100,,10130,20,4,,0,100,,10131,20,4,,0,100,,10132,20,4,,0,100,,10133,20,4,,0,100,,10134,20,4,,0,100,,10123,20,4,,0,100,,10122,20,4,,0,94,,10121,20,4,,0
6501,'1',631,,10167,1,,,0,70,,10166,1,,,0,30,,10165,1,,,0,70,,10164,1,,,0,30,,10163,1,,,0,70,,10162,1,,,0,30,,10161,1,,,0,70,,10160,1,,,0,30,,10159,1,,,0,70,,10158,1,,,0,30,,10157,1,,,0,70,,10156,1,,,0,30,,10155,1,,,0,70,,10154,1,,,0,30,,10153,1,,,0,70,,10152,1,,,0,30,,10151,1,,,0,70,,10150,1,,,0,30,,10149,1,,,0,70,,10148,1,,,0,30,,10147,1,,,0,70,,10146,1,,,0,30,,10145,1,,,0,70,,10144,1,,,0,30,,10143,1,,,0,15,,10135,1,,,0,100,,10142,1,,,0,100,,10141,1,,,0,100,,10140,1,,,0,100,,10139,1,,,0,101,,10138,1,,,0
6501,'13301',2446,,10168,1,,,0,100,,10169,1,,,0,100,,10170,1,,,0
6501,'3',846,,10176,1,,,0,100,,10175,1,,,0,100,,10174,1,,,0,100,,10177,1,,,0,100,,10178,1,,,0,100,,10179,1,,,0,100,,10180,1,,,0,100,,10181,1,,,0,100,,10182,1,,,0,100,,10183,1,,,0,100,,10171,1,,,0,100,,10173,1,,,0,101,,10172,1,,,0
