201,'1',601,,6397,2,,,0,20,,6398,2,,,0,20,,6399,2,,,0,60,,6400,2,,,0,20,,6401,2,,,0,20,,6402,2,,,0,60,,6403,2,,,0,20,,6404,2,,,0,20,,6405,2,,,0,60,,6406,2,,,0,20,,6407,2,,,0,20,,6408,2,,,0,60,,6409,2,,,0,20,,6410,2,,,0,20,,6411,2,,,0,60,,6412,2,,,0,20,,6413,2,,,0,20,,6414,2,,,0,60,,6415,2,,,0,20,,6416,2,,,0,20,,6417,2,,,0,60,,6418,2,,,0,20,,6419,2,,,0,20,,6420,2,,,0,60,,6421,2,,,0,20,,6422,2,,,0,20,,6423,2,,,0,60,,6424,2,,,0,20,,6434,2,,,0,20,,6425,2,,,0,60,,6426,2,,,0,15,,6427,2,,,0,15,,6428,2,,,0,15,,6429,2,,,0,55,,6430,2,,,0,15,,6431,2,,,0,15,,6432,2,,,0,15,,6433,2,,,0,55,,6435,2,,,0,15,,6448,2,,,0,15,,6436,2,,,0,15,,6437,2,,,0,70,,6438,2,,,0,30,,6439,2,,,0,70,,6440,2,,,0,30,,6441,2,,,0,70,,6442,2,,,0,30,,6443,2,,,0,70,,6444,2,,,0,30,,6445,2,,,0,70,,6446,2,,,0,30,,6447,2,,,0
201,'13301',2431,,6449,2,,,0,70,,6450,2,,,0,30,,6451,2,,,0,70,,6452,2,,,0,30,,6453,2,,,0,70,,6454,2,,,0,30,,6455,2,,,0
201,'3',848,,6481,2,,,0,70,,6457,2,,,0,30,,6480,2,,,0,70,,6456,2,,,0,30,,6479,2,,,0,70,,6478,2,,,0,30,,6477,2,,,0,70,,6476,2,,,0,30,,6475,2,,,0,70,,6474,2,,,0,30,,6473,2,,,0,70,,6472,2,,,0,30,,6471,2,,,0,70,,6470,2,,,0,30,,6469,2,,,0,70,,6468,2,,,0,30,,6467,2,,,0,70,,6466,2,,,0,30,,6465,2,,,0,70,,6464,2,,,0,30,,6463,2,,,0,70,,6460,2,,,0,30,,6462,2,,,0,70,,6459,2,,,0,30,,6461,2,,,0,66,,6458,2,,,0
501,'1',605,,6865,2,,,0,30,,6840,2,,,0,70,,6841,2,,,0,30,,6842,2,,,0,70,,6843,2,,,0,30,,6844,2,,,0,70,,6845,2,,,0,30,,6846,2,,,0,70,,6847,2,,,0,30,,6848,2,,,0,70,,6849,2,,,0,30,,6850,2,,,0,70,,6851,2,,,0,30,,6852,2,,,0,70,,6853,2,,,0,30,,6854,2,,,0,70,,6855,2,,,0,30,,6856,2,,,0,70,,6857,2,,,0,30,,6858,2,,,0,70,,6859,2,,,0,30,,6860,2,,,0,70,,6861,2,,,0,30,,6862,2,,,0,70,,6863,2,,,0,30,,6864,2,,,0,119,,6871,2,,,0,100,,6872,2,,,0,100,,6873,2,,,0,100,,6874,2,,,0,100,,6875,2,,,0
501,'13301',2454,,6877,2,,,0,100,,6878,2,,,0,100,,6879,2,,,0
501,'3',854,,6907,2,,,0,100,,6905,2,,,0,100,,6903,2,,,0,100,,6901,2,,,0,100,,6899,2,,,0,100,,6897,2,,,0,100,,6895,2,,,0,100,,6893,2,,,0,100,,6891,2,,,0,100,,6889,2,,,0,100,,6888,2,,,0,100,,6887,2,,,0,100,,6886,2,,,0
901,'1',609,,7426,2,,,0,30,,7427,2,,,0,70,,7428,2,,,0,30,,7429,2,,,0,70,,7430,2,,,0,30,,7431,2,,,0,70,,7432,2,,,0,30,,7439,2,,,0,70,,7433,2,,,0,30,,7440,2,,,0,70,,7434,2,,,0,30,,7441,2,,,0,70,,7435,2,,,0,30,,7442,2,,,0,70,,7436,2,,,0,30,,7443,2,,,0,70,,7437,2,,,0,30,,7444,2,,,0,70,,7438,2,,,0,30,,7445,2,,,0,70,,7448,2,,,0,30,,7446,2,,,0,70,,7449,2,,,0,30,,7447,2,,,0,70,,7450,2,,,0,30,,7451,2,,,0,70,,7419,2,,,0,100,,7420,2,,,0,100,,7421,2,,,0,100,,7422,2,,,0,100,,7423,2,,,0,100,,7424,2,0,16,0
901,'13301',2509,,7452,2,,,0,100,,7453,2,,,0,100,,7454,2,,,0
901,'3',908,,7465,2,,,0,100,,7464,2,,,0,100,,7463,2,,,0,100,,7462,2,,,0,100,,7461,2,,,0,100,,7460,2,,,0,100,,7459,2,,,0,100,,7468,2,,,0,100,,7467,2,,,0,100,,7466,2,,,0,100,,7458,2,,,0,100,,7457,2,,,0,100,,7456,2,0,16,0
6000,'1',625,,9686,9,,,0,30,,9685,9,,,0,70,,9684,9,,,0,30,,9683,9,,,0,70,,9682,9,,,0,30,,9681,9,,,0,70,,9680,9,,,0,30,,9679,9,,,0,70,,9678,9,,,0,30,,9677,9,,,0,70,,9676,9,,,0,30,,9675,9,,,0,70,,9674,9,,,0,30,,9673,9,,,0,70,,9672,9,,,0,30,,9671,9,,,0,70,,9670,9,,,0,30,,9669,9,,,0,70,,9668,9,,,0,30,,9667,9,,,0,48,,9688,2,,,0,22,,9666,9,,,0,8,,9689,2,,,0,22,,9665,9,,,0,48,,9690,2,,,0,22,,9664,9,,,0,30,,9663,9,,,0,70,,9662,9,,,0,30,,9687,9,,,0,98,,9661,9,,,0,100,,9660,9,,,0,100,,9659,9,,,0,100,,9658,9,,,0,100,,9657,9,,,0
6000,'13301',2452,,9691,9,,,0,100,,9692,9,,,0,100,,9693,9,,,0
6000,'3',853,,9706,9,,,0,100,,9705,9,,,0,100,,9704,9,,,0,100,,9703,9,,,0,100,,9702,9,,,0,100,,9701,9,,,0,100,,9700,9,,,0,100,,9699,9,,,0,100,,9698,9,,,0,100,,9697,9,,,0,100,,9707,9,,,0,100,,9696,9,,,0,100,,9695,9,,,0
6100,'1201',840,,9808,6,4,,0
6101,'1',610,,9859,2,,,0,30,,9858,2,,,0,70,,9857,2,,,0,30,,9856,2,,,0,73,,9855,2,,,0,27,,9854,2,,,0,70,,9853,2,,,0,30,,9852,2,,,0,70,,9851,2,,,0,30,,9850,2,,,0,70,,9849,2,,,0,30,,9848,2,,,0,70,,9847,2,,,0,30,,9846,2,,,0,70,,9845,2,,,0,30,,9844,2,,,0,70,,9843,2,,,0,30,,9842,2,,,0,70,,9841,2,,,0,100,,9840,2,,,0,30,,9839,2,,,0,70,,9838,2,,,0,30,,9837,2,,,0,70,,9836,2,,,0,27,,9835,2,,,0,73,,9829,2,,,0,100,,9834,2,,,0,100,,9833,2,,,0,100,,9832,2,,,0,100,,9831,2,,,0,100,,9830,2,,,0
6101,'1201',728,,9870,2,,,0,10,,9871,2,,,0,12,,9863,2,,,0,9,,9864,2,,,0,51,,9867,2,,,0,10,,9865,2,,,0,10,,9866,2,,,0,4,,9869,2,,,0,18,,9868,2,,,0,273,,9872,2,,,0,34,,9873,2,,,0,381,,9862,2,,,0,15,,9861,2,,,0,70,,9860,2,,,0
6101,'12801',1540,,9874,2,,,0
6101,'13301',2510,,9875,2,,,0,100,,9876,2,,,0,100,,9877,2,,,0
6101,'3',814,,9891,2,,,0,96,,9890,2,,,0,100,,9889,2,,,0,100,,9888,2,,,0,100,,9887,2,,,0,100,,9886,2,,,0,100,,9885,2,,,0,100,,9884,2,,,0,100,,9883,2,,,0,100,,9882,2,,,0,100,,9881,2,,,0,100,,9878,2,,,0,100,,9880,2,,,0,100,,9879,2,,,0
6401,'1',712,,10038,2,,,0,30,,10039,2,,,0,70,,10040,2,,,0,30,,10041,2,,,0,70,,10042,2,,,0,30,,10043,2,,,0,70,,10044,2,,,0,30,,10045,2,,,0,70,,10046,2,,,0,30,,10047,2,,,0,70,,10048,2,,,0,30,,10049,2,,,0,70,,10050,2,,,0,30,,10051,2,,,0,70,,10052,2,,,0,30,,10053,2,,,0,70,,10054,2,,,0,30,,10055,2,,,0,70,,10056,2,,,0,30,,10057,2,,,0,70,,10058,2,,,0,30,,10059,2,,,0,70,,10060,2,,,0,29,,10061,2,,,0,93,,10062,2,,,0,100,,10063,2,,,0,100,,10064,2,,,0,100,,10065,2,,,0,100,,10066,2,,,0,100,,10067,2,,,0
6401,'3',934,,10073,2,,,0,100,,10074,2,,,0,100,,10075,2,,,0,100,,10076,2,,,0,100,,10077,2,,,0,100,,10078,2,,,0,100,,10079,2,,,0,100,,10080,2,,,0,100,,10081,2,,,0,100,,10082,2,,,0,100,,10070,2,,,0,100,,10071,2,,,0,100,,10072,2,,,0
6500,'1',610,,10113,9,,,0,30,,10114,9,,,0,70,,10112,9,,,0,30,,10111,9,,,0,70,,10110,9,,,0,30,,10109,9,,,0,70,,10108,9,,,0,30,,10107,9,,,0,70,,10106,9,,,0,30,,10105,9,,,0,70,,10104,9,,,0,30,,10103,9,,,0,70,,10102,9,,,0,30,,10101,9,,,0,70,,10100,9,,,0,30,,10099,9,,,0,70,,10098,9,,,0,30,,10097,9,,,0,70,,10096,9,,,0,30,,10095,9,,,0,70,,10094,9,,,0,30,,10093,9,,,0,70,,10092,9,,,0,30,,10091,9,,,0,70,,10090,9,,,0,30,,10089,9,,,0,85,,10088,9,,,0,100,,10087,9,,,0,100,,10083,9,,,0,100,,10085,9,,,0,100,,10084,9,,,0,95,,10086,9,,,0
6500,'1201',840,,10116,1,,,0,70,,10117,1,,,0
6500,'13301',2520,,10118,9,,,0,100,,10119,9,,,0,100,,10120,9,,,0
6500,'3',825,,10126,2,,,0,100,,10125,9,,,0,100,,10124,9,,,0,100,,10127,9,,,0,100,,10128,9,,,0,100,,10129,9,,,0,100,,10130,9,,,0,100,,10131,9,,,0,100,,10132,9,,,0,100,,10133,9,,,0,100,,10134,9,,,0,100,,10123,9,,,0,100,,10122,9,,,0,95,,10121,9,,,0
31501,'1201',820,,10528,2,,,0
