1700,'1',546,,8158,19,4,,0,60,,8159,19,4,,0,20,,8160,19,4,,0,17,,8155,39,4,,0,63,,8161,19,4,,0,17,,8156,39,4,,0,20,,8100,39,4,,0,60,,8101,39,4,,0,20,,8102,39,4,,0,20,,8103,39,4,,0,60,,8104,39,4,,0,20,,8105,39,4,,0,20,,8106,39,4,,0,58,,8107,39,4,,0,22,,8128,39,4,,0,31,,8129,39,4,,0,75,,8130,39,4,,0,30,,8131,39,4,,0,70,,8132,39,4,,0,30,,8133,39,4,,0,70,,8134,39,4,,0,30,,8135,39,4,,0,70,,8136,39,4,,0,20,,8162,19,4,,0,57,,8137,39,4,,0,23,,8138,39,4,,0,19,,8164,39,4,,0,59,,8108,39,4,,0,19,,8109,39,4,,0,20,,8110,39,4,,0,60,,8111,39,4,,0,20,,8112,39,4,,0,20,,8113,39,4,,0,60,,8114,39,4,,0,20,,8115,39,4,,0,20,,8116,39,4,,0,60,,8142,39,4,,0,45,,8143,39,4,,0,85,,8150,39,4,,0,85,,8151,39,4,,0,85,,8152,39,4,,0,45,,8153,39,4,,0,85,,8154,39,4,,0,85,,8157,39,4,,0,37,,8166,39,4,,0
1700,'13301',2551,,8171,39,4,,0,85,,8172,39,4,,0,85,,8173,39,4,,0
1700,'14001',713,,8188,19,4,,0,17,,8186,19,4,,0,20,,8187,19,4,,0,63,,8174,39,4,,0,20,,8175,39,4,,0,20,,8176,39,4,,0,60,,8177,39,4,,0,20,,8178,39,4,,0,603,,8189,39,4,,0,20,,8179,39,4,,0,60,,8180,39,4,,0,20,,8181,39,4,,0,20,,8182,39,4,,0,60,,8183,39,4,,0,20,,8184,39,4,,0,20,,8185,39,4,,0
1700,'2',639,,11640,39,4,,0,84,,11641,39,4,,0,85,,11642,39,4,,0,45,,11643,39,4,,0,85,,11644,39,4,,0,85,,11645,39,4,,0,85,,11646,39,4,,0,45,,11647,39,4,,0,70,,11663,39,4,,0,30,,11664,39,4,,0,70,,11665,39,4,,0,30,,11666,39,4,,0,70,,11667,39,4,,0,30,,11668,39,4,,0,70,,11669,39,4,,0,30,,11670,39,4,,0,70,,11671,39,4,,0,30,,11672,39,4,,0,70,,11673,39,4,,0,30,,11674,39,4,,0,70,,11675,39,4,,0,30,,11676,39,4,,0,70,,11677,39,4,,0,85,,11687,39,4,,0,45,,11685,39,4,,0,85,,11689,39,4,,0,85,,11686,39,4,,0,85,,11691,39,4,,0,45,,11688,39,4,,0,85,,11690,39,4,,0
1700,'3',853,,8224,19,4,,0,85,,8206,39,4,,0,85,,8207,39,4,,0,85,,8208,39,4,,0,45,,8209,39,4,,0,85,,8210,39,4,,0,85,,8211,39,4,,0,85,,8212,39,4,,0,45,,8213,39,4,,0,85,,8214,39,4,,0,85,,8215,39,4,,0,85,,8216,39,4,,0,45,,8217,39,4,,0,85,,8218,39,4,,0,85,,8219,39,4,,0,85,,8220,39,4,,0,45,,8221,39,4,,0,85,,8222,39,4,,0
1701,'1',546,,8256,1,0,7,0,60,,8225,1,0,7,0,20,,8226,1,0,7,0,20,,8227,1,0,7,0,60,,8228,1,0,7,0,20,,8229,1,0,7,0,20,,8230,1,0,7,0,60,,8231,1,0,7,0,20,,8232,1,0,7,0,20,,8233,1,0,7,0,60,,8234,1,0,7,0,20,,8244,1,0,7,0,75,,8245,1,0,7,0,25,,8246,1,0,7,0,30,,8247,1,0,7,0,75,,8248,1,0,7,0,70,,8249,1,0,7,0,30,,8250,1,0,7,0,70,,8251,1,0,7,0,30,,8252,1,0,7,0,70,,8253,1,0,7,0,30,,8254,1,0,7,0,18,,8255,1,0,7,0,60,,8235,1,0,7,0,20,,8236,1,0,7,0,20,,8237,1,0,7,0,60,,8238,1,0,7,0,20,,8239,1,0,7,0,20,,8240,1,0,7,0,60,,8241,1,0,7,0,20,,8242,1,0,7,0,20,,8243,1,0,7,0,60,,8282,1,0,7,0,20,,8265,1,0,7,0,78,,8257,1,0,7,0,45,,8258,1,0,7,0,85,,8259,1,0,7,0,85,,8260,1,0,7,0,85,,8261,1,0,7,0,45,,8262,1,0,7,0,85,,8263,1,0,7,0,85,,8264,1,0,7,0
1701,'13301',2507,,8307,1,0,7,0,45,,8308,1,0,7,0,85,,8309,1,0,7,0,85,,8310,1,0,7,0
1701,'14001',716,,8315,1,0,7,0,20,,8316,1,0,7,0,20,,8317,1,0,7,0,60,,8318,1,0,7,0,20,,8319,1,0,7,0,20,,8320,1,0,7,0,60,,8321,1,0,7,0,20,,8322,1,0,7,0,603,,8330,1,0,7,0,20,,8323,1,0,7,0,60,,8324,1,0,7,0,20,,8325,1,0,7,0,20,,8326,1,0,7,0,60,,8327,1,0,7,0,20,,8328,1,0,7,0,20,,8329,1,0,7,0
1701,'2',550,,11721,1,0,7,0,90,,11692,1,0,7,0,85,,11693,1,0,7,0,85,,11694,1,0,7,0,45,,11695,1,0,7,0,85,,11696,1,0,7,0,85,,11697,1,0,7,0,85,,11698,1,0,7,0,45,,11699,1,0,7,0,70,,11700,1,0,7,0,30,,11701,1,0,7,0,70,,11702,1,0,7,0,30,,11703,1,0,7,0,70,,11704,1,0,7,0,30,,11705,1,0,7,0,70,,11706,1,0,7,0,30,,11707,1,0,7,0,70,,11708,1,0,7,0,30,,11709,1,0,7,0,70,,11710,1,0,7,0,30,,11711,1,0,7,0,70,,11712,1,0,7,0,30,,11715,1,0,7,0,70,,11713,1,0,7,0,85,,11717,1,0,7,0,45,,11714,1,0,7,0,85,,11719,1,0,7,0,85,,11716,1,0,7,0,85,,11720,1,0,7,0,45,,11718,1,0,7,0
1701,'3',855,,8347,1,0,7,0,85,,8331,1,0,7,0,85,,8332,1,0,7,0,85,,8333,1,0,7,0,45,,8334,1,0,7,0,85,,8335,1,0,7,0,85,,8336,1,0,7,0,85,,8337,1,0,7,0,45,,8338,1,0,7,0,85,,8339,1,0,7,0,85,,8340,1,0,7,0,85,,8341,1,0,7,0,45,,8342,1,0,7,0,85,,8343,1,0,7,0,85,,8344,1,0,7,0,85,,8345,1,0,7,0,45,,8346,1,0,7,0
