1600,'1',627,,7990,6,,,0,32,,7991,6,,,0,72,,7992,6,,,0,72,,7993,6,,,0,32,,7994,6,,,0,72,,7995,6,,,0,32,,7996,6,,,0,72,,7997,6,,,0,32,,7998,6,,,0,72,,7999,6,,,0,32,,8000,6,,,0,72,,8010,6,,,0,32,,8011,6,,,0,72,,8001,6,,,0,32,,8002,6,,,0,72,,8003,6,,,0,32,,8004,6,,,0,72,,8005,6,,,0,72,,8006,6,,,0,32,,8007,6,,,0,72,,8008,6,,,0,32,,8012,6,,,0,72,,8009,6,,,0,32,,8013,6,,,0,75,,8014,6,,,0,100,,8015,6,,,0,100,,8016,6,,,0,100,,8017,6,,,0,100,,8018,6,,,0,100,,8019,6,,,0
1600,'13301',2518,,8020,6,,,0,100,,8021,6,,,0,100,,8022,6,,,0
1600,'2',621,,11583,6,,,0,100,,11584,6,,,0,100,,11585,6,,,0,100,,11586,6,,,0,100,,11587,6,,,0,103,,11588,6,,,0,34,,11589,6,,,0,72,,11590,6,,,0,72,,11591,6,,,0,32,,11592,6,,,0,72,,11593,6,,,0,32,,11594,6,,,0,72,,11595,6,,,0,32,,11596,6,,,0,72,,11597,6,,,0,32,,11598,6,,,0,72,,11599,6,,,0,32,,11600,6,,,0,72,,11601,6,,,0,31,,11602,6,,,0,100,,11603,6,,,0,100,,11604,6,,,0,100,,11605,6,,,0,100,,11606,6,,,0,100,,11607,6,,,0
1600,'3',817,,8036,6,,,0,100,,8023,6,,,0,100,,8024,6,,,0,100,,8025,6,,,0,100,,8026,6,,,0,100,,8027,6,,,0,100,,8028,6,,,0,100,,8029,6,,,0,100,,8030,6,,,0,100,,8031,6,,,0,100,,8032,6,,,0,100,,8033,6,,,0,100,,8034,6,,,0,101,,8035,6,,,0
4300,'1',618,,9119,6,,,0,30,,9120,6,,,0,67,,9121,6,,,0,30,,9122,6,,,0,70,,9123,6,,,0,30,,9124,6,,,0,69,,9125,6,,,0,27,,9126,6,,,0,70,,9127,6,,,0,30,,9128,6,,,0,70,,9129,6,,,0,30,,9130,6,,,0,70,,9131,6,,,0,30,,9132,6,,,0,70,,9133,6,,,0,30,,9134,6,,,0,70,,9135,6,,,0,30,,9136,6,,,0,67,,9137,6,,,0,30,,9138,6,,,0,70,,9139,6,,,0,30,,9140,6,,,0,70,,9141,6,,,0,30,,9142,6,,,0,70,,9143,6,,,0,29,,9144,6,,,0,70,,9145,6,,,0,100,,9146,6,,,0,100,,9147,6,,,0,100,,9148,6,,,0,100,,9149,6,,,0,100,,9150,6,,,0
4300,'13301',2507,,9151,6,,,0,100,,9152,6,,,0,100,,9153,6,,,0
4300,'2',637,,12115,6,,,0,100,,12116,6,,,0,100,,12117,6,,,0,100,,12118,6,,,0,100,,12119,6,,,0,70,,12133,6,,,0,30,,12120,6,,,0,70,,12134,6,,,0,30,,12121,6,,,0,70,,12135,6,,,0,30,,12122,6,,,0,70,,12136,6,,,0,30,,12123,6,,,0,70,,12137,6,,,0,30,,12124,6,,,0,70,,12138,6,,,0,30,,12125,6,,,0,70,,12139,6,,,0,30,,12126,6,,,0,70,,12140,6,,,0,30,,12127,6,,,0,100,,12128,6,,,0,100,,12129,6,,,0,100,,12130,6,,,0,100,,12131,6,,,0,100,,12132,6,,,0
4300,'3',837,,9154,6,,,0,100,,9155,6,,,0,100,,9156,6,,,0,100,,9157,6,,,0,100,,9158,6,,,0,100,,9159,6,,,0,100,,9160,6,,,0,100,,9161,6,,,0,100,,9162,6,,,0,100,,9163,6,,,0,100,,9164,6,,,0,100,,9165,6,,,0,100,,9166,6,,,0,100,,9167,6,,,0
4400,'1',625,,9221,6,,,0,30,,9222,6,,,0,67,,9223,6,,,0,30,,9224,6,,,0,70,,9225,6,,,0,30,,9226,6,,,0,69,,9227,6,,,0,28,,9228,6,,,0,70,,9229,6,,,0,30,,9230,6,,,0,70,,9231,6,,,0,30,,9232,6,,,0,70,,9233,6,,,0,30,,9234,6,,,0,70,,9235,6,,,0,30,,9236,6,,,0,70,,9237,6,,,0,30,,9238,6,,,0,67,,9239,6,,,0,30,,9240,6,,,0,70,,9241,6,,,0,30,,9242,6,,,0,70,,9243,6,,,0,30,,9244,6,,,0,101,,9245,6,,,0,100,,9246,6,,,0,100,,9247,6,,,0,100,,9248,6,,,0,100,,9249,6,,,0,101,,9250,6,,,0
4400,'13301',2447,,9251,6,,,0,100,,9252,6,,,0,100,,9253,6,,,0
4400,'2',717,,12176,6,,,0,100,,12175,6,,,0,100,,12174,6,,,0,100,,12173,6,,,0,100,,12178,6,,,0,30,,12179,6,,,0,70,,12180,6,,,0,30,,12181,6,,,0,70,,12182,6,,,0,30,,12183,6,,,0,70,,12184,6,,,0,30,,12185,6,,,0,70,,12186,6,,,0,30,,12187,6,,,0,70,,12188,6,,,0,30,,12189,6,,,0,70,,12190,6,,,0,30,,12191,6,,,0,70,,12192,6,,,0,30,,12193,6,,,0,70,,12172,6,,,0,100,,12171,6,,,0,100,,12170,6,,,0,100,,12169,6,,,0,100,,12168,6,,,0,100,,12167,6,,,0
4400,'3',917,,9266,6,,,0,100,,9265,6,,,0,100,,9261,6,,,0,100,,9260,6,,,0,100,,9259,6,,,0,100,,9258,6,,,0,100,,9257,6,,,0,100,,9256,6,,,0,100,,9255,6,,,0,100,,9254,6,,,0,100,,9264,6,,,0,100,,9263,6,,,0,100,,9262,6,,,0
4500,'1',603,,9318,6,,,0,29,,9319,6,,,0,27,,9320,6,,,0,70,,9321,6,,,0,30,,9322,6,,,0,70,,9323,6,,,0,30,,9324,6,,,0,69,,9325,6,,,0,30,,9326,6,,,0,70,,9327,6,,,0,30,,9328,6,,,0,70,,9329,6,,,0,30,,9330,6,,,0,70,,9331,6,,,0,30,,9332,6,,,0,70,,9333,6,,,0,30,,9334,6,,,0,70,,9335,6,,,0,30,,9336,6,,,0,66,,9337,6,,,0,30,,9338,6,,,0,70,,9339,6,,,0,30,,9340,6,,,0,70,,9341,6,,,0,93,,9342,6,,,0,110,,9343,6,,,0,100,,9344,6,,,0,100,,9345,6,,,0,100,,9346,6,,,0,100,,9347,6,,,0
4500,'13301',2427,,9348,6,,,0,100,,9349,6,,,0,100,,9350,6,,,0
4500,'2',657,,12230,6,,,0,100,,12229,6,,,0,100,,12228,6,,,0,100,,12227,6,,,0,100,,12221,6,,,0,70,,12232,6,,,0,30,,12233,6,,,0,70,,12234,6,,,0,30,,12235,6,,,0,70,,12236,6,,,0,30,,12237,6,,,0,70,,12238,6,,,0,30,,12239,6,,,0,70,,12240,6,,,0,30,,12241,6,,,0,70,,12242,6,,,0,30,,12243,6,,,0,70,,12244,6,,,0,30,,12245,6,,,0,70,,12246,6,,,0,30,,12247,6,,,0,100,,12226,6,,,0,100,,12225,6,,,0,100,,12224,6,,,0,100,,12223,6,,,0,100,,12222,6,,,0
4500,'3',857,,9363,6,,,0,100,,9362,6,,,0,100,,9351,6,,,0,100,,9361,6,,,0,100,,9360,6,,,0,100,,9359,6,,,0,100,,9358,6,,,0,100,,9357,6,,,0,100,,9356,6,,,0,100,,9355,6,,,0,100,,9354,6,,,0,101,,9353,6,,,0,99,,9352,6,,,0
4600,'1',610,,9412,6,,,0,29,,9413,6,,,0,67,,9414,6,,,0,30,,9415,6,,,0,70,,9416,6,,,0,30,,9417,6,,,0,71,,9418,6,,,0,29,,9419,6,,,0,70,,9420,6,,,0,30,,9421,6,,,0,70,,9422,6,,,0,30,,9423,6,,,0,70,,9424,6,,,0,30,,9425,6,,,0,70,,9426,6,,,0,30,,9427,6,,,0,70,,9428,6,,,0,29,,9429,6,,,0,65,,9430,6,,,0,30,,9431,6,,,0,70,,9432,6,,,0,30,,9433,6,,,0,70,,9434,6,,,0,30,,9435,6,,,0,70,,9436,6,,,0
