100,'1',613,,6213,23,,,0,30,,6214,23,,,0,67,,6215,23,,,0,30,,6216,23,,,0,70,,6217,23,,,0,30,,6218,23,,,0,70,,6219,23,,,0,30,,6220,23,,,0,71,,6221,23,,,0,30,,6222,23,,,0,70,,6223,23,,,0,30,,6224,23,,,0,70,,6225,23,,,0,30,,6226,23,,,0,70,,6227,23,,,0,30,,6228,23,,,0,70,,6229,23,,,0,30,,6230,23,,,0,70,,6231,23,,,0,31,,6232,23,,,0,70,,6233,23,,,0,15,,6234,23,,,0,15,,6235,23,,,0,70,,6236,23,,,0,30,,6237,23,,,0,70,,6238,23,,,0,30,,6239,23,,,0,68,,6240,23,,,0,100,,6241,23,,,0,100,,6242,23,,,0,100,,6243,23,,,0,100,,6244,23,,,0,100,,6245,23,,,0
100,'13301',2510,,6246,23,,,0,100,,6247,23,,,0,100,,6248,23,,,0
100,'2',711,,10632,23,,,0,100,,10633,23,,,0,100,,10634,23,,,0,100,,10635,23,,,0,100,,10636,23,,,0,30,,10637,23,,,0,70,,10638,23,,,0,30,,10639,23,,,0,70,,10640,23,,,0,30,,10641,23,,,0,70,,10642,23,,,0,30,,10643,23,,,0,70,,10644,23,,,0,30,,10645,23,,,0,70,,10646,23,,,0,30,,10647,23,,,0,70,,10648,23,,,0,30,,10649,23,,,0,70,,10650,23,,,0,30,,10651,23,,,0,70,,10652,23,,,0,30,,10653,23,,,0,70,,10658,23,,,0,100,,10654,23,,,0,100,,10655,23,,,0,100,,10656,23,,,0,100,,10657,23,,,0
100,'3',911,,6249,23,,,0,100,,6250,23,,,0,100,,6251,23,,,0,100,,6252,23,,,0,100,,6253,23,,,0,100,,6254,23,,,0,100,,6255,23,,,0,100,,6256,23,,,0,100,,6257,23,,,0,100,,6258,23,,,0,100,,6259,23,,,0,100,,6260,23,,,0,100,,6261,23,,,0
201,'1',626,,6397,26,,,0,20,,6398,26,,,0,60,,6399,26,,,0,20,,6400,26,,,0,20,,6401,26,,,0,60,,6402,26,,,0,20,,6403,26,,,0,20,,6404,26,,,0,60,,6405,26,,,0,20,,6406,26,,,0,20,,6407,26,,,0,60,,6408,26,,,0,20,,6409,26,,,0,20,,6410,26,,,0,60,,6411,26,,,0,20,,6412,26,,,0,20,,6413,26,,,0,60,,6414,26,,,0,20,,6415,26,,,0,20,,6416,26,,,0,60,,6417,26,,,0,20,,6418,26,,,0,20,,6419,26,,,0,60,,6420,26,,,0,20,,6421,26,,,0,20,,6422,26,,,0,60,,6423,26,,,0,20,,6424,26,,,0,20,,6434,26,,,0,60,,6425,26,,,0,20,,6426,26,,,0,15,,6427,26,,,0,15,,6428,26,,,0,55,,6429,26,,,0,15,,6430,26,,,0,15,,6431,26,,,0,15,,6432,26,,,0,55,,6433,26,,,0,15,,6435,26,,,0,14,,6448,26,,,0,15,,6436,26,,,0,55,,6437,26,,,0,30,,6438,26,,,0,70,,6439,26,,,0,30,,6440,26,,,0,70,,6441,26,,,0,30,,6442,26,,,0,70,,6443,26,,,0,30,,6444,26,,,0,70,,6445,26,,,0,30,,6446,26,,,0,70,,6447,26,,,0
201,'13301',2454,,6449,26,,,0,70,,6450,26,,,0,30,,6451,26,,,0,70,,6452,26,,,0,30,,6453,26,,,0,70,,6454,26,,,0,30,,6455,26,,,0
201,'2',642,,10730,26,,,0,70,,10743,26,,,0,30,,10744,26,,,0,70,,10745,26,,,0,30,,10746,26,,,0,70,,10747,26,,,0,30,,10748,26,,,0,70,,10749,26,,,0,30,,10750,26,,,0,64,,10751,26,,,0,40,,10752,26,,,0,60,,10753,26,,,0,20,,10754,26,,,0,20,,10755,26,,,0,60,,10756,26,,,0,20,,10757,26,,,0,20,,10758,26,,,0,60,,10759,26,,,0,20,,10760,26,,,0,20,,10761,26,,,0,60,,10762,26,,,0,20,,10763,26,,,0,20,,10764,26,,,0,60,,10765,26,,,0,20,,10766,26,,,0,20,,10767,26,,,0,60,,10768,26,,,0,20,,10769,26,,,0,20,,10770,26,,,0,60,,10771,26,,,0,20,,10772,26,,,0,16,,10773,26,,,0,70,,10742,26,,,0,30,,10736,26,,,0,70,,10741,26,,,0,30,,10735,26,,,0,70,,10740,26,,,0,30,,10734,26,,,0,70,,10739,26,,,0,30,,10733,26,,,0,70,,10738,26,,,0,30,,10732,26,,,0,70,,10737,26,,,0,25,,10731,26,,,0
201,'3',912,,6481,26,,,0,30,,6457,26,,,0,70,,6480,26,,,0,30,,6456,26,,,0,70,,6479,26,,,0,30,,6478,26,,,0,70,,6477,26,,,0,30,,6476,26,,,0,70,,6475,26,,,0,30,,6474,26,,,0,70,,6473,26,,,0,30,,6472,26,,,0,70,,6471,26,,,0,30,,6470,26,,,0,70,,6469,26,,,0,30,,6468,26,,,0,70,,6467,26,,,0,30,,6466,26,,,0,70,,6465,26,,,0,30,,6464,26,,,0,70,,6463,26,,,0,30,,6460,26,,,0,70,,6462,26,,,0,30,,6459,26,,,0,70,,6461,26,,,0,25,,6458,26,,,0
801,'1',618,,7322,17,,,0,10,,7323,17,,,0,10,,7324,17,,,0,10,,7325,17,,,0,10,,7234,17,,,0,50,,7237,17,,,0,11,,7240,17,,,0,10,,7243,17,,,0,10,,7245,17,,,0,10,,7235,17,,,0,10,,7238,17,,,0,50,,7241,17,,,0,10,,7244,17,,,0,10,,7246,17,,,0,10,,7236,17,,,0,10,,7239,17,,,0,10,,7242,17,,,0,50,,7298,17,,,0,10,,7299,17,,,0,10,,7300,17,,,0,10,,7301,17,,,0,10,,7247,17,,,0,10,,7254,17,,,0,50,,7261,17,,,0,10,,7268,17,,,0,10,,7274,17,,,0,10,,7248,17,,,0,10,,7255,17,,,0,10,,7262,17,,,0,50,,7269,17,,,0,10,,7275,17,,,0,10,,7249,17,,,0,10,,7256,17,,,0,10,,7263,17,,,0,10,,7270,17,,,0,50,,7276,17,,,0,10,,7250,17,,,0,10,,7257,17,,,0,10,,7264,17,,,0,10,,7271,17,,,0,10,,7277,17,,,0,50,,7251,17,,,0,10,,7258,17,,,0,10,,7265,17,,,0,10,,7272,17,,,0,10,,7278,17,,,0,10,,7252,17,,,0,50,,7259,17,,,0,10,,7266,17,,,0,10,,7273,17,,,0,10,,7279,17,,,0,10,,7253,17,,,0,10,,7260,17,,,0,50,,7267,17,,,0,10,,7302,17,,,0,10,,7303,17,,,0,10,,7304,17,,,0,11,,7280,17,,,0,50,,7284,17,,,0,10,,7288,17,,,0,10,,7292,17,,,0,10,,7295,17,,,0,10,,7281,17,,,0,10,,7285,17,,,0,50,,7289,17,,,0,10,,7293,17,,,0,10,,7296,17,,,0,10,,7282,17,,,0,10,,7286,17,,,0,10,,7290,17,,,0,50,,7294,17,,,0,10,,7297,17,,,0,10,,7283,17,,,0,10,,7287,17,,,0,10,,7291,17,,,0,9,,7305,17,,,0,58,,7307,17,,,0,20,,7306,17,,,0,22,,7308,17,,,0,62,,7309,17,,,0,22,,7310,17,,,0,22,,7311,17,,,0,60,,7312,17,,,0,22,,7313,17,,,0,22,,7314,17,,,0,62,,7315,17,,,0,22,,7316,17,,,0,62,,7317,17,,,0,22,,7318,17,,,0,22,,7319,17,,,0,62,,7320,17,,,0,22,,7321,17,,,0
801,'13301',2455,,7326,17,,,0,62,,7327,17,,,0,22,,7328,17,,,0,62,,7329,17,,,0,22,,7330,17,,,0,22,,7331,17,,,0,62,,7332,17,,,0,22,,7333,17,,,0
801,'2',618,,11174,17,,,0,22,,11161,17,,,0,62,,11162,17,,,0,22,,11163,17,,,0,22,,11164,17,,,0,62,,11165,17,,,0,22,,11166,17,,,0,22,,11167,17,,,0,62,,11168,17,,,0,22,,11169,17,,,0,22,,11170,17,,,0,62,,11171,17,,,0,22,,11172,17,,,0,62,,11173,17,,,0,23,,11175,17,,,0,13,,11176,17,,,0,12,,11177,17,,,0,52,,11178,17,,,0,12,,11179,17,,,0,12,,11180,17,,,0,12,,11181,17,,,0,12,,11182,17,,,0,52,,11183,17,,,0,12,,11184,17,,,0,12,,11185,17,,,0,12,,11186,17,,,0,12,,11187,17,,,0,52,,11188,17,,,0,12,,11189,17,,,0,12,,11190,17,,,0,12,,11191,17,,,0,12,,11192,17,,,0,52,,11193,17,,,0,12,,11194,17,,,0,12,,11195,17,,,0,12,,11196,17,,,0,12,,11197,17,,,0,52,,11198,17,,,0,12,,11199,17,,,0,12,,11200,17,,,0,12,,11201,17,,,0,12,,11202,17,,,0,52,,11203,17,,,0,12,,11204,17,,,0,12,,11205,17,,,0,12,,11206,17,,,0,12,,11207,17,,,0,52,,11208,17,,,0,12,,11209,17,,,0,12,,11210,17,,,0,12,,11211,17,,,0,12,,11212,17,,,0,52,,11213,17,,,0,21,,11214,17,,,0,22,,11215,17,,,0,62,,11216,17,,,0,22,,11217,17,,,0,22,,11218,17,,,0,62,,11219,17,,,0,22,,11220,17,,,0,22,,11221,17,,,0,62,,11222,17,,,0,22,,11223,17,,,0,62,,11224,17,,,0,22,,11225,17,,,0,22,,11226,17,,,0,62,,11227,17,,,0,22,,11228,17,,,0
801,'3',842,,7334,17,,,0,62,,7335,17,,,0,22,,7336,17,,,0,22,,7337,17,,,0,62,,7338,17,,,0,22,,7339,17,,,0,22,,7340,17,,,0,62,,7341,17,,,0,22,,7342,17,,,0,62,,7343,17,,,0,22,,7344,17,,,0,22,,7345,17,,,0,62,,7346,17,,,0,22,,7347,17,,,0,22,,7348,17,,,0,62,,7349,17,,,0,22,,7350,17,,,0,22,,7351,17,,,0,62,,7352,17,,,0,22,,7353,17,,,0,62,,7354,17,,,0,22,,7355,17,,,0,22,,7356,17,,,0,62,,7357,17,,,0,22,,7358,17,,,0,22,,7359,17,,,0,62,,7360,17,,,0,22,,7361,17,,,0,22,,7362,17,,,0,62,,7363,17,,,0,22,,7364,17,,,0,62,,7365,17,,,0,22,,7366,17,,,0,22,,7367,17,,,0,62,,7368,17,,,0,22,,7369,17,,,0
901,'1',627,,7425,18,,,0,15,,7426,37,,,0,70,,7427,37,,,0,30,,7428,37,,,0,70,,7429,37,,,0,30,,7430,38,,,0,70,,7431,38,,,0,30,,7432,37,,,0,70,,7439,38,,,0,30,,7433,37,,,0,70,,7440,38,,,0,30,,7434,37,,,0,70,,7441,38,,,0,30,,7435,37,,,0,70,,7442,38,,,0,30,,7436,37,,,0,70,,7443,38,,,0,30,,7437,37,,,0,70,,7444,38,,,0,30,,7438,37,,,0,70,,7445,38,,,0,30,,7448,37,,,0,70,,7446,37,,,0,30,,7449,37,,,0,70,,7447,37,,,0,30,,7450,37,,,0,70,,7451,38,,,0,30,,7419,38,,,0,100,,7420,38,,,0,100,,7421,38,,,0,100,,7422,38,,,0,100,,7423,38,,,0
901,'13301',2542,,7452,38,,,0,100,,7453,38,,,0,100,,7454,38,,,0
901,'2',641,,11255,18,,,0,101,,11280,38,,,0,100,,11279,38,,,0,100,,11268,38,,,0,100,,11267,38,,,0,100,,11266,38,,,0,70,,11278,38,,,0,30,,11265,37,,,0,70,,11277,38,,,0,30,,11264,37,,,0,70,,11276,38,,,0,30,,11263,37,,,0,70,,11275,38,,,0,30,,11262,37,,,0,70,,11274,38,,,0,30,,11273,37,,,0,70,,11272,38,,,0,30,,11271,37,,,0,70,,11270,38,,,0,30,,11269,37,,,0,70,,11281,38,,,0,30,,11261,38,,,0,100,,11260,38,,,0,100,,11259,38,,,0,100,,11258,38,,,0,100,,11257,38,,,0
901,'3',842,,7455,18,,,0,100,,7465,38,,,0,100,,7464,38,,,0,100,,7463,38,,,0,100,,7462,38,,,0,100,,7461,38,,,0,100,,7460,38,,,0,100,,7459,38,,,0,100,,7468,38,,,0,100,,7467,38,,,0,100,,7466,38,,,0,100,,7458,38,,,0,100,,7457,38,,,0
1500,'1',643,,7898,2,,,0,15,,7899,2,,,0,55,,7900,2,,,0,15,,7901,2,,,0,15,,7902,2,,,0,15,,7903,2,,,0,55,,7904,2,,,0,15,,7905,2,,,0,15,,7906,2,,,0,15,,7907,2,,,0,55,,7916,2,,,0,15,,7917,2,,,0,15,,7924,2,,,0,15,,7897,2,,,0,55,,7884,2,,,0,15,,7925,2,,,0,15,,7883,2,,,0,15,,7896,2,,,0,55,,7882,2,,,0,15,,7895,2,,,0,15,,7881,2,,,0,15,,7894,2,,,0,55,,7880,2,,,0,15,,7908,2,,,0,15,,7909,2,,,0,15,,7893,2,,,0,55,,7879,2,,,0,15,,7892,2,,,0,15,,7878,2,,,0,15,,7891,2,,,0,55,,7877,2,,,0,15,,7890,2,,,0,15,,7919,2,,,0,15,,7889,2,,,0,55,,7923,2,,,0,15,,7888,2,,,0,15,,7910,2,,,0,15,,7887,2,,,0,55,,7911,2,,,0,15,,7912,2,,,0,15,,7920,2,,,0,15,,7886,2,,,0,55,,7921,2,,,0,15,,7885,2,,,0,15,,7922,2,,,0,15,,7913,2,,,0,55,,7914,2,,,0,15,,7915,2,,,0,15,,7918,2,,,0
1500,'2',643,,11526,2,,,0,70,,11527,2,,,0,30,,11496,2,,,0,70,,11525,2,,,0,30,,11524,2,,,0,70,,11523,2,,,0,30,,11522,2,,,0,15,,11498,2,,,0,55,,11521,2,,,0,15,,11510,2,,,0,15,,11520,2,,,0,15,,11509,2,,,0,55,,11519,2,,,0,15,,11508,2,,,0,15,,11518,2,,,0,15,,11507,2,,,0,55,,11528,2,,,0,15,,11529,2,,,0,15,,11530,2,,,0,15,,11531,2,,,0,55,,11497,2,,,0,15,,11506,2,,,0,15,,11517,2,,,0,15,,11505,2,,,0,55,,11516,2,,,0,15,,11504,2,,,0,15,,11515,2,,,0,15,,11532,2,,,0,55,,11514,2,,,0,15,,11503,2,,,0,15,,11533,2,,,0,15,,11502,2,,,0,55,,11534,2,,,0,15,,11501,2,,,0,15,,11513,2,,,0,15,,11500,2,,,0,55,,11512,2,,,0,15,,11499,2,,,0,15,,11511,2,,,0,15,,11535,2,,,0,55,,11536,2,,,0,15,,11537,2,,,0,15,,11538,2,,,0
1500,'3',1428,,7930,2,,,0,15,,7928,2,,,0,15,,7931,2,,,0,55,,7927,2,,,0,15,,7929,2,,,0,15,,7926,2,,,0
32501,'1201',1527,,10529,5,,,0
