401,'1',606,,6578,9,,,0,7,,6579,9,,,0,8,,6580,9,,,0,7,,6581,9,,,0,8,,6582,9,,,0,7,,6583,9,,,0,8,,6584,9,,,0,7,,6585,9,,,0,48,,6586,9,,,0,11,,6587,9,,,0,8,,6618,9,,,0,7,,6588,9,,,0,8,,6589,9,,,0,7,,6615,9,,,0,8,,6590,9,,,0,47,,6591,9,,,0,8,,6592,9,,,0,7,,6593,9,,,0,8,,6619,9,,,0,7,,6594,9,,,0,8,,6595,9,,,0,7,,6596,9,,,0,8,,6597,9,,,0,47,,6598,9,,,0,8,,6617,9,,,0,7,,6616,9,,,0,8,,6599,9,,,0,7,,6600,9,,,0,8,,6602,9,,,0,5,,6603,9,,,0,8,,6604,9,,,0,47,,6601,9,,,0,8,,6605,9,,,0,7,,6606,9,,,0,8,,6609,9,,,0,7,,6608,9,,,0,8,,6607,9,,,0,7,,6620,9,,,0,8,,6610,9,,,0,47,,6611,9,,,0,8,,6612,9,,,0,7,,6613,9,,,0,8,,6614,9,,,0,7,,6621,9,,,0,8,,6622,9,,,0,7,,6623,9,,,0,8,,6624,9,,,0,47,,6625,9,,,0,8,,6626,9,,,0,7,,6627,9,,,0,8,,6633,9,,,0,7,,6628,9,,,0,8,,6629,9,,,0,7,,6630,9,,,0,8,,6631,9,,,0,47,,6632,9,,,0,8,,6634,9,,,0,7,,6635,9,,,0,8,,6636,9,,,0,7,,6637,9,,,0,8,,6638,9,,,0,7,,6639,9,,,0,8,,6640,9,,,0,47,,6641,9,,,0,8,,6642,9,,,0,7,,6643,9,,,0,8,,6644,9,,,0,7,,6645,9,,,0,8,,6646,9,,,0,7,,6647,9,,,0,8,,6648,9,,,0,47,,6649,9,,,0,8,,6650,9,,,0,6,,6651,9,,,0,8,,6652,9,,,0,7,,6653,9,,,0,8,,6654,9,,,0,7,,6655,9,,,0,8,,6656,9,,,0,7,,6657,9,,,0,48,,6658,9,,,0,7,,6659,9,,,0,8,,6660,9,,,0,7,,6661,9,,,0,8,,6662,9,,,0,7,,6663,9,,,0,8,,6664,9,,,0,7,,6665,9,,,0,48,,6666,9,,,0,7,,6667,9,,,0,8,,6668,9,,,0,7,,6669,9,,,0,8,,6670,9,,,0,7,,6671,9,,,0,8,,6672,9,,,0,7,,6673,9,,,0,48,,6674,9,,,0,7,,6675,9,,,0,8,,6676,9,,,0,7,,6677,9,,,0,8,,6678,9,,,0,6,,6679,9,,,0,15,,6690,9,,,0,48,,6689,9,,,0,7,,6696,9,,,0,22,,6680,9,,,0,23,,6691,9,,,0,57,,6697,9,,,0,20,,6681,9,,,0,23,,6692,9,,,0,57,,6682,9,,,0,20,,6683,9,,,0,23,,6693,9,,,0,57,,6684,9,,,0,20,,6685,9,,,0,23,,6694,9,,,0,57,,6686,9,,,0,20,,6687,9,,,0,23,,6695,9,,,0,57,,6688,9,,,0
401,'13301',2435,,6698,9,,,0,23,,6705,9,,,0,57,,6702,9,,,0,20,,6699,9,,,0,23,,6706,9,,,0,57,,6703,9,,,0,20,,6700,9,,,0,23,,6707,9,,,0,57,,6704,9,,,0,20,,6701,9,,,0
401,'2',645,,10826,9,,,0,60,,10827,9,,,0,20,,10879,9,,,0,20,,10828,9,,,0,60,,10829,9,,,0,20,,10880,9,,,0,20,,10830,9,,,0,60,,10831,9,,,0,20,,10881,9,,,0,20,,10832,9,,,0,60,,10833,9,,,0,20,,10882,9,,,0,20,,10834,9,,,0,60,,10835,9,,,0,20,,10883,9,,,0,20,,10846,9,,,0,10,,10897,9,,,0,50,,10847,9,,,0,10,,10848,9,,,0,10,,10884,9,,,0,10,,10849,9,,,0,10,,10850,9,,,0,10,,10898,9,,,0,50,,10851,9,,,0,10,,10852,9,,,0,10,,10885,9,,,0,10,,10853,9,,,0,10,,10854,9,,,0,10,,10899,9,,,0,50,,10855,9,,,0,10,,10856,9,,,0,10,,10886,9,,,0,10,,10857,9,,,0,10,,10858,9,,,0,10,,10900,9,,,0,50,,10859,9,,,0,10,,10860,9,,,0,10,,10887,9,,,0,10,,10861,9,,,0,10,,10862,9,,,0,10,,10901,9,,,0,50,,10863,9,,,0,10,,10864,9,,,0,10,,10888,9,,,0,10,,10865,9,,,0,10,,10866,9,,,0,10,,10902,9,,,0,50,,10867,9,,,0,10,,10868,9,,,0,10,,10889,9,,,0,10,,10869,9,,,0,10,,10870,9,,,0,10,,10903,9,,,0,50,,10871,9,,,0,10,,10872,9,,,0,10,,10890,9,,,0,10,,10873,9,,,0,10,,10874,9,,,0,10,,10904,9,,,0,50,,10875,9,,,0,10,,10876,9,,,0,10,,10891,9,,,0,10,,10877,9,,,0,10,,10878,9,,,0,60,,10836,9,,,0,20,,10892,9,,,0,20,,10837,9,,,0,60,,10838,9,,,0,20,,10893,9,,,0,20,,10839,9,,,0,60,,10840,9,,,0,20,,10894,9,,,0,20,,10841,9,,,0,60,,10842,9,,,0,20,,10895,9,,,0,20,,10843,9,,,0,60,,10844,9,,,0,20,,10896,9,,,0,17,,10845,9,,,0
401,'3',905,,6708,9,,,0,20,,6735,9,,,0,20,,6709,9,,,0,60,,6710,9,,,0,20,,6736,9,,,0,20,,6711,9,,,0,60,,6712,9,,,0,20,,6737,9,,,0,20,,6718,9,,,0,60,,6719,9,,,0,20,,6738,9,,,0,20,,6720,9,,,0,60,,6721,9,,,0,20,,6739,9,,,0,20,,6722,9,,,0,60,,6723,9,,,0,20,,6740,9,,,0,20,,6724,9,,,0,60,,6725,9,,,0,20,,6741,9,,,0,20,,6726,9,,,0,60,,6727,9,,,0,20,,6742,9,,,0,20,,6728,9,,,0,60,,6729,9,,,0,20,,6743,9,,,0,20,,6730,9,,,0,60,,6731,9,,,0,20,,6744,9,,,0,20,,6732,9,,,0,60,,6733,9,,,0,20,,6745,9,,,0,20,,6713,9,,,0,60,,6714,9,,,0,20,,6746,9,,,0,20,,6715,9,,,0,60,,6716,9,,,0,20,,6747,9,,,0,20,,6717,9,,,0,55,,6734,9,4,,0
1601,'1',615,,8062,18,,,0,32,,8057,18,,,0,72,,8037,18,,,0,32,,8038,18,,,0,72,,8039,18,,,0,32,,8040,18,,,0,72,,8041,18,,,0,32,,8042,18,,,0,72,,8043,18,,,0,72,,8044,18,,,0,32,,8063,18,,,0,72,,8045,18,,,0,32,,8046,18,,,0,72,,8047,18,,,0,32,,8048,18,,,0,72,,8049,18,,,0,32,,8050,18,,,0,72,,8051,18,,,0,32,,8052,18,,,0,72,,8053,18,,,0,32,,8054,18,,,0,72,,8064,18,,,0,32,,8055,18,,,0,72,,8065,18,,,0,71,,8056,18,,,0,103,,8058,18,,,0,100,,8059,18,,,0,100,,8060,18,,,0,100,,8061,18,,,0,100,,8066,18,,,0
1601,'13301',2505,,8067,18,,,0,100,,8068,18,,,0,100,,8069,18,,,0
1601,'2',611,,11608,18,,,0,100,,11609,18,,,0,100,,11610,18,,,0,100,,11611,18,,,0,100,,11612,18,,,0,100,,11613,18,,,0,35,,11614,18,,,0,72,,11615,18,,,0,32,,11616,18,,,0,72,,11617,18,,,0,32,,11618,18,,,0,72,,11619,18,,,0,32,,11620,18,,,0,72,,11621,18,,,0,72,,11622,18,,,0,32,,11623,18,,,0,72,,11624,18,,,0,32,,11625,18,,,0,72,,11626,18,,,0,32,,11627,18,,,0,101,,11628,18,,,0,100,,11629,18,,,0,100,,11630,18,,,0,100,,11631,18,,,0,100,,11632,18,,,0
1601,'3',907,,8070,18,,,0,100,,8071,18,,,0,100,,8072,18,,,0,100,,8073,18,,,0,100,,8074,18,,,0,100,,8075,18,,,0,100,,8076,18,,,0,100,,8077,18,,,0,100,,8078,18,,,0,100,,8079,18,,,0,100,,8080,18,,,0,100,,8081,18,,,0,100,,8082,18,,,0
1700,'1',608,,8155,2,,,0,40,,8156,2,,,0,60,,8100,2,,,0,20,,8101,2,,,0,20,,8102,2,,,0,60,,8103,2,,,0,20,,8104,2,,,0,20,,8105,2,,,0,60,,8106,2,,,0,18,,8107,2,,,0,22,,8128,2,,,0,72,,8129,2,,,0,35,,8130,2,,,0,70,,8131,2,,,0,30,,8132,2,,,0,70,,8133,2,,,0,30,,8134,2,,,0,70,,8135,2,,,0,30,,8136,2,,,0,77,,8137,2,,,0,22,,8138,2,,,0,59,,8164,2,,,0,19,,8108,2,,,0,19,,8109,2,,,0,60,,8110,2,,,0,20,,8111,2,,,0,20,,8112,2,,,0,60,,8113,2,,,0,20,,8114,2,,,0,20,,8115,2,,,0,60,,8116,2,,,0,20,,8142,2,,,0,86,,8143,2,,,0,85,,8150,2,,,0,45,,8151,2,,,0,85,,8152,2,,,0,85,,8153,2,,,0,85,,8154,2,,,0,45,,8157,2,,,0,85,,8166,2,,,0
1700,'13301',2517,,8171,2,,,0,85,,8172,2,,,0,45,,8173,2,,,0
1700,'14001',738,,8174,2,,,0,20,,8175,2,,,0,60,,8176,2,,,0,20,,8177,2,,,0,20,,8178,2,,,0,643,,8189,2,,,0,20,,8179,2,,,0,20,,8180,2,,,0,60,,8181,2,,,0,20,,8182,2,,,0,20,,8183,2,,,0,60,,8184,2,,,0,20,,8185,2,,,0
1700,'2',607,,11640,2,,,0,44,,11641,2,,,0,85,,11642,2,,,0,85,,11643,2,,,0,85,,11644,2,,,0,45,,11645,2,,,0,85,,11646,2,,,0,85,,11647,2,,,0,30,,11663,2,,,0,70,,11664,2,,,0,30,,11665,2,,,0,70,,11666,2,,,0,30,,11667,2,,,0,70,,11668,2,,,0,30,,11669,2,,,0,70,,11670,2,,,0,30,,11671,2,,,0,70,,11672,2,,,0,30,,11673,2,,,0,70,,11674,2,,,0,30,,11675,2,,,0,70,,11676,2,,,0,30,,11677,2,,,0,85,,11687,2,,,0,85,,11685,2,,,0,85,,11689,2,,,0,45,,11686,2,,,0,85,,11691,2,,,0,85,,11688,2,,,0,85,,11690,2,,,0
1700,'3',908,,8206,2,,,0,45,,8207,2,,,0,85,,8208,2,,,0,85,,8209,2,,,0,85,,8210,2,,,0,45,,8211,2,,,0,85,,8212,2,,,0,85,,8213,2,,,0,85,,8214,2,,,0,45,,8215,2,,,0,85,,8216,2,,,0,85,,8217,2,,,0,85,,8218,2,,,0,45,,8219,2,,,0,85,,8220,2,,,0,85,,8221,2,,,0,85,,8222,2,,,0
54300,'14001',931,,10593,7,,,0
