1701,'1',638,,8266,7,,,0,20,,8267,7,,,0,60,,8268,7,,,0,20,,8269,7,,,0,20,,8270,7,,,0,60,,8271,7,,,0,20,,8272,7,,,0,20,,8273,7,,,0,60,,8274,7,,,0,20,,8275,7,,,0,17,,8276,7,,,0,75,,8292,7,,,0,25,,8277,7,,,0,70,,8278,7,,,0,75,,8279,7,,,0,30,,8280,7,,,0,70,,8281,7,,,0,30,,8293,7,,,0,70,,8294,7,,,0,30,,8295,7,,,0,70,,8296,7,,,0,18,,8297,7,,,0,23,,8298,7,,,0,60,,8300,7,,,0,20,,8299,7,,,0,20,,8301,7,,,0,60,,8302,7,,,0,20,,8303,7,,,0,20,,8304,7,,,0,60,,8305,7,,,0,20,,8306,7,,,0,20,,8283,7,,,0,60,,8284,7,,,0,34,,8285,7,,,0,85,,8286,7,,,0,85,,8287,7,,,0,45,,8288,7,,,0,85,,8289,7,,,0,85,,8290,7,,,0,85,,8291,7,,,0
1701,'13301',2535,,8311,7,,,0,85,,8312,7,,,0,85,,8313,7,,,0,45,,8314,7,,,0
1701,'2',710,,11722,7,,,0,45,,11723,7,,,0,85,,11724,7,,,0,85,,11725,7,,,0,85,,11726,7,,,0,45,,11727,7,,,0,85,,11728,7,,,0,85,,11729,7,,,0,30,,11730,7,,,0,70,,11746,7,,,0,30,,11731,7,,,0,70,,11732,7,,,0,30,,11747,7,,,0,70,,11733,7,,,0,30,,11734,7,,,0,70,,11748,7,,,0,30,,11735,7,,,0,70,,11736,7,,,0,30,,11749,7,,,0,70,,11737,7,,,0,30,,11738,7,,,0,70,,11750,7,,,0,30,,11739,7,,,0,85,,11740,7,,,0,85,,11741,7,,,0,85,,11742,7,,,0,45,,11743,7,,,0,85,,11744,7,,,0,85,,11745,7,,,0
1701,'3',924,,8348,7,,,0,85,,8349,7,,,0,45,,8350,7,,,0,85,,8351,7,,,0,85,,8352,7,,,0,85,,8353,7,,,0,45,,8354,7,,,0,85,,8355,7,,,0,85,,8356,7,,,0,85,,8357,7,,,0,45,,8358,7,,,0,85,,8359,7,,,0,85,,8360,7,,,0,85,,8361,7,,,0,45,,8362,7,,,0,85,,8363,7,,,0,85,,8364,7,,,0
3000,'1',619,,8877,8,,,0,40,,8879,8,,,0,82,,8881,8,,,0,80,,8882,8,,,0,80,,8883,8,,,0,41,,8884,8,,,0,80,,8885,8,,,0,80,,8886,8,,,0,40,,8887,8,,,0,80,,8888,8,,,0,80,,8889,8,,,0,40,,8890,8,,,0,80,,8891,8,,,0,80,,8892,8,,,0,44,,8893,8,,,0,80,,8894,8,,,0,80,,8895,8,,,0,40,,8896,8,,,0,80,,8897,8,,,0,76,,8870,8,,,0,55,,8871,8,,,0,100,,8872,8,,,0,100,,8873,8,,,0,100,,8874,8,,,0,101,,8875,8,,,0
3000,'13301',2457,,8918,8,,,0,100,,8919,8,,,0,100,,8920,8,,,0
3000,'2',702,,11995,8,,,0,100,,11997,8,,,0,100,,11998,8,,,0,100,,11999,8,,,0,105,,12000,8,,,0,40,,12001,8,,,0,80,,12002,8,,,0,80,,12003,8,,,0,40,,12004,8,,,0,80,,12005,8,,,0,80,,12006,8,,,0,40,,12007,8,,,0,80,,12008,8,,,0,80,,12009,8,,,0,40,,12010,8,,,0,80,,12011,8,,,0,75,,11988,8,,,0,100,,11989,8,,,0,100,,11990,8,,,0,100,,11991,8,,,0,100,,11992,8,,,0,100,,11993,8,,,0
3000,'3',902,,8934,8,,,0,100,,8935,8,,,0,100,,8936,8,,,0,100,,8937,8,,,0,100,,8938,8,,,0,100,,8939,8,,,0,100,,8940,8,,,0,100,,8941,8,,,0,100,,8942,8,,,0,100,,8943,8,,,0,100,,8944,8,,,0,100,,8945,8,,,0,100,,8946,8,,,0
3500,'1',638,,9023,10,,,0,82,,9024,10,,,0,80,,9025,10,,,0,40,,9026,10,,,0,80,,9027,10,,,0,82,,9028,10,,,0,40,,9029,10,,,0,80,,9030,10,,,0,80,,9031,10,,,0,40,,9032,10,,,0,80,,9033,10,,,0,80,,9034,10,,,0,40,,9035,10,,,0,84,,9036,10,,,0,80,,9037,10,,,0,40,,9038,10,,,0,80,,9039,10,,,0,80,,9040,10,,,0,36,,9041,10,,,0,85,,8996,10,,,0,100,,8997,10,,,0,100,,8998,10,,,0,100,,8999,10,,,0,100,,9000,10,,,0,101,,9001,10,,,0
3500,'13301',2528,,9043,10,,,0,100,,9044,10,,,0,100,,9045,10,,,0
3500,'2',732,,12078,10,,,0,100,,12079,10,,,0,100,,12080,10,,,0,100,,12081,10,,,0,95,,12082,10,,,0,80,,12083,10,,,0,40,,12084,10,,,0,80,,12085,10,,,0,80,,12086,10,,,0,40,,12087,10,,,0,80,,12088,10,,,0,80,,12089,10,,,0,40,,12090,10,,,0,80,,12091,10,,,0,80,,12092,10,,,0,125,,12055,10,,,0,100,,12056,10,,,0,100,,12057,10,,,0,100,,12058,10,,,0,100,,12059,10,,,0,95,,12060,10,,,0
3500,'3',932,,9059,10,,,0,100,,9060,10,,,0,100,,9061,10,,,0,100,,9062,10,,,0,100,,9063,10,,,0,100,,9064,10,,,0,100,,9065,10,,,0,100,,9066,10,,,0,100,,9067,10,,,0,100,,9068,10,,,0,100,,9071,10,,,0,100,,9072,10,,,0,95,,9073,10,,,0
51401,'1',638,,10574,2,,,0
122501,'13802',1110,,12810,2,0,29 2 10 12,0,100,,12811,2,0,29 2 10 12,0,100,,12812,2,0,29 2 10 12,0,100,,12813,2,0,29 2 10 12,0,100,,12814,2,0,29 2 10 12,0,100,,12815,2,0,29 2 10 12,0,100,,12816,2,0,29 2 10 12,0
122501,'13803',1110,,10625,2,0,29 2 10 12,0,100,,10626,2,0,29 2 10 12,0,100,,10627,2,0,29 2 10 12,0,100,,10628,2,0,29 2 10 12,0,100,,10629,2,0,29 2 10 12,0,100,,10630,2,0,29 2 10 12,0,100,,10631,2,0,29 2 10 12,0
