500,'1',647,,6748,3,,,0,70,,6749,3,,,0,30,,6750,3,,,0,70,,6751,3,,,0,30,,6752,3,,,0,70,,6753,3,,,0,30,,6754,3,,,0,70,,6755,3,,,0,30,,6756,3,,,0,70,,6757,3,,,0,30,,6758,3,,,0,70,,6759,3,,,0,30,,6760,3,,,0,70,,6761,3,,,0,30,,6762,3,,,0,70,,6763,3,,,0,30,,6764,3,,,0,70,,6765,3,,,0,30,,6766,3,,,0,70,,6767,3,,,0,30,,6768,3,,,0,70,,6769,3,,,0,30,,6770,3,,,0,70,,6771,3,,,0,100,,6802,3,,,0,100,,6803,3,,,0,100,,6804,3,,,0,100,,6805,3,,,0,100,,6806,3,,,0,101,,6807,3,,,0
500,'13301',2518,,6812,3,,,0,100,,6813,3,,,0,100,,6814,3,,,0
500,'2',717,,10938,3,,,0,100,,10936,3,,,0,100,,10934,3,,,0,100,,10932,3,,,0,100,,10930,3,,,0,30,,10929,3,,,0,70,,10928,3,,,0,30,,10927,3,,,0,70,,10926,3,,,0,30,,10925,3,,,0,70,,10924,3,,,0,30,,10923,3,,,0,70,,10922,3,,,0,30,,10921,3,,,0,70,,10920,3,,,0,30,,10919,3,,,0,70,,10918,3,,,0,30,,10917,3,,,0,70,,10939,3,,,0,100,,10954,3,,,0,100,,10910,3,,,0,100,,10909,3,,,0,100,,10908,3,,,0,100,,10907,3,,,0,101,,10906,3,,,0
500,'3',917,,6830,3,,,0,100,,6829,3,,,0,100,,6827,3,,,0,100,,6826,3,,,0,100,,6825,3,,,0,100,,6824,3,,,0,100,,6823,3,,,0,100,,6822,3,,,0,100,,6821,3,,,0,100,,6831,3,,,0,100,,6839,3,,,0,100,,6817,3,,,0,101,,6816,3,,,0
2200,'1',1632,,8563,3,,,0,70,,8564,3,,,0,30,,8565,3,,,0
2200,'1201',1532,,8566,3,,,0,70,,8567,3,,,0
2200,'12801',1532,,8568,3,,,0,70,,8569,3,,,0
3000,'1',609,,8877,3,,,0,40,,8879,3,,,0,80,,8881,3,,,0,80,,8882,3,,,0,40,,8883,3,,,0,83,,8884,3,,,0,80,,8885,3,,,0,40,,8886,3,,,0,80,,8887,3,,,0,80,,8888,3,,,0,40,,8889,3,,,0,80,,8890,3,,,0,80,,8891,3,,,0,40,,8892,3,,,0,82,,8893,3,,,0,80,,8894,3,,,0,40,,8895,3,,,0,80,,8896,3,,,0,80,,8897,3,,,0,38,,8870,3,,,0,95,,8871,3,,,0,100,,8872,3,,,0,100,,8873,3,,,0,100,,8874,3,,,0,101,,8875,3,,,0
3000,'13301',2447,,8918,3,,,0,100,,8919,3,,,0,100,,8920,3,,,0
3000,'2',649,,11995,3,,,0,100,,11997,3,,,0,100,,11998,3,,,0,100,,11999,3,,,0,105,,12000,3,,,0,80,,12001,3,,,0,80,,12002,3,,,0,40,,12003,3,,,0,80,,12004,3,,,0,80,,12005,3,,,0,40,,12006,3,,,0,80,,12007,3,,,0,80,,12008,3,,,0,40,,12009,3,,,0,80,,12010,3,,,0,80,,12011,3,,,0,35,,11988,3,,,0,100,,11989,3,,,0,100,,11990,3,,,0,100,,11991,3,,,0,100,,11992,3,,,0,100,,11993,3,,,0
3000,'3',849,,8934,3,,,0,100,,8935,3,,,0,100,,8936,3,,,0,100,,8937,3,,,0,100,,8938,3,,,0,100,,8939,3,,,0,100,,8940,3,,,0,100,,8941,3,,,0,100,,8942,3,,,0,100,,8943,3,,,0,100,,8944,3,,,0,100,,8945,3,,,0,100,,8946,3,,,0
3500,'1',628,,9023,3,,,0,80,,9024,3,,,0,40,,9025,3,,,0,80,,9026,3,,,0,80,,9027,3,,,0,44,,9028,3,,,0,80,,9029,3,,,0,80,,9030,3,,,0,40,,9031,3,,,0,80,,9032,3,,,0,80,,9033,3,,,0,40,,9034,3,,,0,80,,9035,3,,,0,82,,9036,3,,,0,40,,9037,3,,,0,80,,9038,3,,,0,80,,9039,3,,,0,40,,9040,3,,,0,78,,9041,3,,,0,85,,8996,3,,,0,100,,8997,3,,,0,100,,8998,3,,,0,100,,8999,3,,,0,100,,9000,3,,,0,101,,9001,3,,,0
3500,'13301',2518,,9043,3,,,0,100,,9044,3,,,0,100,,9045,3,,,0
3500,'2',718,,12078,3,,,0,100,,12079,3,,,0,100,,12080,3,,,0,100,,12081,3,,,0,95,,12082,3,,,0,40,,12083,3,,,0,80,,12084,3,,,0,80,,12085,3,,,0,40,,12086,3,,,0,80,,12087,3,,,0,80,,12088,3,,,0,40,,12089,3,,,0,80,,12090,3,,,0,80,,12091,3,,,0,40,,12092,3,,,0,165,,12055,3,,,0,100,,12056,3,,,0,100,,12057,3,,,0,100,,12058,3,,,0,100,,12059,3,,,0,100,,12060,3,,,0
3500,'3',918,,9059,3,,,0,100,,9060,3,,,0,100,,9061,3,,,0,100,,9062,3,,,0,100,,9063,3,,,0,100,,9064,3,,,0,100,,9065,3,,,0,100,,9066,3,,,0,100,,9067,3,,,0,100,,9068,3,,,0,100,,9071,3,,,0,100,,9072,3,,,0,100,,9073,3,,,0
