2700,'1',609,,8710,3,,,0,30,,8721,3,,,0,70,,8722,3,,,0,30,,8723,3,,,0,70,,8724,3,,,0,30,,8725,3,,,0,70,,8726,3,,,0,30,,8727,3,,,0,70,,8728,3,,,0,30,,8729,3,,,0,70,,8730,3,,,0,30,,8731,3,,,0,70,,8732,3,,,0,30,,8733,3,,,0,70,,8734,3,,,0,30,,8735,3,,,0,70,,8736,3,,,0,30,,8737,3,,,0,70,,8738,3,,,0,30,,8739,3,,,0,70,,8740,3,,,0,30,,8741,3,,,0,70,,8742,3,,,0,30,,8743,3,,,0,70,,8744,3,,,0,40,,8712,3,,,0,80,,8713,3,,,0,80,,8714,3,,,0,40,,8715,3,,,0,80,,8716,3,,,0,80,,8717,3,,,0,40,,8718,3,,,0,80,,8719,3,,,0,80,,8720,3,,,0
2700,'13301',2449,,8745,3,,,0,80,,8746,3,,,0,80,,8747,3,,,0,40,,8748,3,,,0
2700,'2',609,,11919,3,,,0,40,,11920,3,,,0,80,,11921,3,,,0,80,,11922,3,,,0,40,,11923,3,,,0,80,,11924,3,,,0,80,,11925,3,,,0,40,,11926,3,,,0,80,,11927,3,,,0,30,,11935,3,,,0,70,,11936,3,,,0,30,,11937,3,,,0,70,,11938,3,,,0,30,,11939,3,,,0,70,,11940,3,,,0,30,,11941,3,,,0,70,,11942,3,,,0,30,,11943,3,,,0,70,,11944,3,,,0,30,,11945,3,,,0,70,,11946,3,,,0,30,,11947,3,,,0,70,,11948,3,,,0,30,,11949,3,,,0,70,,11950,3,,,0,80,,11928,3,,,0,40,,11929,3,,,0,79,,11930,3,,,0,80,,11931,3,,,0,40,,11932,3,,,0,80,,11933,3,,,0,80,,11934,3,,,0
2700,'3',829,,8749,3,,,0,80,,8750,3,,,0,40,,8751,3,,,0,80,,8752,3,,,0,80,,8753,3,,,0,40,,8754,3,,,0,80,,8755,3,,,0,80,,8756,3,,,0,40,,8757,3,,,0,80,,8758,3,,,0,80,,8759,3,,,0,40,,8760,3,,,0,80,,8761,3,,,0,80,,8762,3,,,0,40,,8763,3,,,0,80,,8764,3,,,0,80,,8765,3,,,0,40,,8766,3,,,0,80,,8767,3,,,0,80,,8768,3,,,0
5000,'1',631,,9463,3,,,0,70,,9464,3,,,0,30,,9465,3,,,0,70,,9466,3,,,0,30,,9467,3,,,0,70,,9468,3,,,0,30,,9469,3,,,0,70,,9470,3,,,0,30,,9471,3,,,0,70,,9472,3,,,0,30,,9473,3,,,0,70,,9474,3,,,0,30,,9475,3,,,0,70,,9476,3,,,0,30,,9477,3,,,0,70,,9478,3,,,0,30,,9479,3,,,0,70,,9480,3,,,0,30,,9481,3,,,0,70,,9482,3,,,0,30,,9483,3,,,0,70,,9484,3,,,0,30,,9485,3,,,0,70,,9486,3,,,0,30,,9487,3,,,0,100,,9488,3,,,0,100,,9489,3,,,0,100,,9490,3,,,0,100,,9491,3,,,0,100,,9492,3,,,0
5000,'13301',2431,,9495,3,,,0,100,,9496,3,,,0,100,,9497,3,,,0
5000,'2',639,,12276,3,,,0,100,,12277,3,,,0,100,,12278,3,,,0,100,,12279,3,,,0,100,,12280,3,,,0,77,,12281,3,,,0,40,,12282,3,,,0,80,,12283,3,,,0,80,,12284,3,,,0,40,,12285,3,,,0,80,,12286,3,,,0,80,,12287,3,,,0,40,,12288,3,,,0,80,,12289,3,,,0,80,,12290,3,,,0,40,,12291,3,,,0,80,,12292,3,,,0,103,,12293,3,,,0,100,,12294,3,,,0,100,,12295,3,,,0,100,,12296,3,,,0,100,,12297,3,,,0
5000,'3',939,,9499,3,,,0,100,,9500,3,,,0,100,,9503,3,,,0,100,,9504,3,,,0,100,,9505,3,,,0,100,,9506,3,,,0,100,,9507,3,,,0,100,,9508,3,,,0,100,,9509,3,,,0,100,,9510,3,,,0,100,,9501,3,,,0,100,,9502,3,,,0
5500,'1',616,,9559,3,,,0,30,,9560,3,,,0,70,,9561,3,,,0,30,,9562,3,,,0,70,,9563,3,,,0,30,,9564,3,,,0,70,,9565,3,,,0,30,,9566,3,,,0,70,,9567,3,,,0,30,,9568,3,,,0,70,,9569,3,,,0,30,,9570,3,,,0,70,,9571,3,,,0,30,,9572,3,,,0,70,,9573,3,,,0,30,,9574,3,,,0,70,,9575,3,,,0,30,,9576,3,,,0,70,,9577,3,,,0,30,,9578,3,,,0,70,,9579,3,,,0,30,,9580,3,,,0,70,,9581,3,,,0,30,,9582,3,,,0,70,,9583,3,,,0,85,,9584,3,,,0,100,,9585,3,,,0,100,,9586,3,,,0,100,,9587,3,,,0,100,,9588,3,,,0,100,,9589,3,,,0
5500,'13301',2501,,9592,3,,,0,100,,9593,3,,,0,100,,9594,3,,,0
5500,'2',709,,12322,3,,,0,100,,12323,3,,,0,100,,12324,3,,,0,100,,12325,3,,,0,97,,12326,3,,,0,30,,12327,3,,,0,80,,12328,3,,,0,40,,12329,3,,,0,80,,12330,3,,,0,80,,12331,3,,,0,40,,12332,3,,,0,80,,12333,3,,,0,80,,12334,3,,,0,40,,12335,3,,,0,80,,12336,3,,,0,80,,12337,3,,,0,40,,12338,3,,,0,153,,12339,3,,,0,100,,12340,3,,,0,100,,12341,3,,,0,100,,12342,3,,,0,100,,12343,3,,,0
5500,'3',909,,9595,3,,,0,100,,9596,3,,,0,100,,9597,3,,,0,100,,9598,3,,,0,100,,9599,3,,,0,100,,9600,3,,,0,100,,9601,3,,,0,100,,9602,3,,,0,100,,9603,3,,,0,100,,9604,3,,,0,100,,9605,3,,,0,100,,9606,3,,,0,100,,9607,3,,,0
