300,'1',646,,6493,1,,,0,70,,6494,1,,,0,30,,6495,1,,,0,70,,6496,1,,,0,30,,6497,1,,,0,70,,6498,1,,,0,30,,6499,1,,,0,70,,6500,1,,,0,30,,6501,1,,,0,70,,6502,1,,,0,30,,6503,1,,,0,70,,6504,1,,,0,30,,6505,1,,,0,70,,6506,1,,,0,30,,6507,1,,,0,70,,6508,1,,,0,30,,6509,1,,,0,70,,6510,1,,,0,30,,6511,1,,,0,70,,6492,1,,,0,30,,6491,1,,,0,70,,6490,1,,,0,30,,6482,1,,,0,70,,6483,1,,,0,30,,6484,1,,,0,100,,6485,1,,,0,100,,6486,1,,,0,100,,6487,1,,,0,100,,6488,1,,,0,101,,6489,1,,,0
300,'13301',2446,,6514,1,,,0,100,,6515,1,,,0,100,,6516,1,,,0
300,'2',646,,10799,1,,,0,100,,10798,1,,,0,100,,10797,1,,,0,100,,10796,1,,,0,100,,10795,1,,,0,70,,10794,1,,,0,30,,10793,1,,,0,70,,10792,1,,,0,30,,10791,1,,,0,70,,10790,1,,,0,30,,10789,1,,,0,70,,10788,1,,,0,30,,10787,1,,,0,70,,10786,1,,,0,30,,10785,1,,,0,70,,10784,1,,,0,30,,10783,1,,,0,70,,10782,1,,,0,30,,10781,1,,,0,70,,10780,1,,,0,30,,10779,1,,,0,100,,10778,1,,,0,100,,10777,1,,,0,100,,10776,1,,,0,100,,10775,1,,,0,101,,10774,1,,,0
300,'3',846,,6529,1,,,0,100,,6528,1,,,0,100,,6527,1,,,0,100,,6526,1,,,0,100,,6525,1,,,0,100,,6524,1,,,0,100,,6523,1,,,0,100,,6522,1,,,0,100,,6521,1,,,0,100,,6520,1,,,0,100,,6519,1,,,0,100,,6518,1,,,0,100,,6517,1,,,0
401,'2',1111,,10835,15,4,,0
500,'1',1844,,6796,3,4,,0
500,'2',1044,,10905,3,4,,0,800,,10916,3,4,,0
901,'1',629,,7425,20,4,,0,15,,7426,39,4,,0,70,,7427,39,4,,0,30,,7428,39,4,,0,70,,7429,39,4,,0,30,,7430,40,4,,0,70,,7431,40,4,,0,30,,7432,39,4,,0,70,,7439,40,4,,0,30,,7433,39,4,,0,70,,7440,40,4,,0,30,,7434,39,4,,0,70,,7441,40,4,,0,30,,7435,39,4,,0,70,,7442,40,4,,0,30,,7436,39,4,,0,70,,7443,40,4,,0,30,,7437,39,4,,0,70,,7444,40,4,,0,30,,7438,39,4,,0,70,,7445,40,4,,0,30,,7448,39,4,,0,70,,7446,39,4,,0,30,,7449,39,4,,0,70,,7447,39,4,,0,30,,7450,39,4,,0,100,,7419,40,4,,0,100,,7420,40,4,,0,100,,7421,40,4,,0,100,,7422,40,4,,0,100,,7423,40,4,,0
901,'13301',2544,,7452,40,4,,0,100,,7453,40,4,,0,100,,7454,40,4,,0
901,'2',643,,11255,20,4,,0,101,,11280,40,4,,0,100,,11279,40,4,,0,100,,11268,40,4,,0,100,,11267,40,4,,0,100,,11266,40,4,,0,70,,11278,40,4,,0,30,,11265,39,4,,0,70,,11277,40,4,,0,30,,11264,39,4,,0,70,,11276,40,4,,0,30,,11263,39,4,,0,70,,11275,40,4,,0,30,,11262,39,4,,0,70,,11274,40,4,,0,30,,11273,39,4,,0,70,,11272,40,4,,0,30,,11271,39,4,,0,70,,11270,40,4,,0,30,,11269,39,4,,0,100,,11261,40,4,,0,100,,11260,40,4,,0,100,,11259,40,4,,0,100,,11258,40,4,,0,100,,11257,40,4,,0
901,'3',844,,7455,20,4,,0,100,,7465,40,4,,0,100,,7464,40,4,,0,100,,7463,40,4,,0,100,,7462,40,4,,0,100,,7461,40,4,,0,100,,7460,40,4,,0,100,,7459,40,4,,0,100,,7468,40,4,,0,100,,7467,40,4,,0,100,,7466,40,4,,0,100,,7458,40,4,,0,100,,7457,40,4,,0
1100,'1',631,,7633,1,,,0,70,,7632,1,,,0,30,,7631,1,,,0,70,,7630,1,,,0,30,,7629,1,,,0,70,,7628,1,,,0,30,,7627,1,,,0,70,,7626,1,,,0,30,,7625,1,,,0,70,,7624,1,,,0,30,,7623,1,,,0,70,,7622,1,,,0,30,,7621,1,,,0,70,,7620,1,,,0,30,,7619,1,,,0,70,,7618,1,,,0,30,,7617,1,,,0,70,,7616,1,,,0,30,,7615,1,,,0,70,,7614,1,,,0,30,,7613,1,,,0,70,,7612,1,,,0,30,,7611,1,,,0,70,,7610,1,,,0,45,,7609,1,,,0,100,,7608,1,,,0,100,,7607,1,,,0,100,,7606,1,,,0,100,,7605,1,,,0,101,,7604,1,,,0
1100,'13301',2447,,7634,1,,,0,100,,7635,1,,,0,100,,7636,1,,,0
1100,'2',646,,11379,1,,,0,100,,11380,1,,,0,100,,11356,1,,,0,100,,11357,1,,,0,155,,11358,1,,,0,30,,11362,1,,,0,70,,11363,1,,,0,30,,11364,1,,,0,70,,11365,1,,,0,30,,11366,1,,,0,70,,11367,1,,,0,30,,11368,1,,,0,70,,11369,1,,,0,30,,11370,1,,,0,70,,11371,1,,,0,30,,11372,1,,,0,70,,11373,1,,,0,30,,11374,1,,,0,70,,11375,1,,,0,45,,11359,1,,,0,100,,11360,1,,,0,100,,11361,1,,,0,100,,11376,1,,,0,100,,11377,1,,,0,101,,11378,1,,,0
1100,'3',846,,7647,1,,,0,100,,7648,1,,,0,100,,7649,1,,,0,100,,7638,1,,,0,100,,7639,1,,,0,100,,7640,1,,,0,100,,7641,1,,,0,100,,7642,1,,,0,100,,7643,1,,,0,100,,7644,1,,,0,100,,7645,1,,,0,100,,7637,1,,,0,101,,7646,1,,,0
1101,'1',629,,7681,37,4,,0,30,,7680,37,4,,0,70,,7679,37,4,,0,30,,7678,37,4,,0,70,,7677,37,4,,0,30,,7676,37,4,,0,70,,7675,37,4,,0,30,,7674,37,4,,0,70,,7673,37,4,,0,30,,7672,37,4,,0,70,,7671,37,4,,0,30,,7670,37,4,,0,70,,7669,37,4,,0,30,,7668,37,4,,0,70,,7667,37,4,,0,30,,7666,37,4,,0,70,,7665,37,4,,0,30,,7664,37,4,,0,70,,7663,37,4,,0,30,,7662,37,4,,0,70,,7661,37,4,,0,30,,7660,37,4,,0,70,,7659,37,4,,0,30,,7658,37,4,,0
1101,'2',1159,,11386,37,4,,0,70,,11390,37,4,,0,30,,11391,37,4,,0,70,,11392,37,4,,0,30,,11393,37,4,,0,70,,11394,37,4,,0,30,,11395,37,4,,0,70,,11396,37,4,,0,30,,11397,37,4,,0,70,,11398,37,4,,0,30,,11399,37,4,,0,70,,11400,37,4,,0,30,,11401,37,4,,0
1400,'1',601,,7805,1,,,0,31,,7793,1,,,0,69,,7816,1,,,0,30,,7815,1,,,0,70,,7814,1,,,0,30,,7813,1,,,0,70,,7812,1,,,0,100,,7811,1,,,0,100,,7810,1,,,0,100,,7809,1,,,0,100,,7808,1,,,0,100,,7807,1,,,0,100,,7806,1,,,0,100,,7804,1,,,0,30,,7803,1,,,0,70,,7802,1,,,0,30,,7801,1,,,0,70,,7800,1,,,0,100,,7799,1,,,0,100,,7798,1,,,0,100,,7797,1,,,0,100,,7796,1,,,0,100,,7795,1,,,0,101,,7794,1,,,0
1400,'1201',1531,,7818,1,,,0
1400,'12801',1531,,7822,1,,,0
1400,'2',601,,11468,1,,,0,100,,11477,1,,,0,100,,11476,1,,,0,100,,11475,1,,,0,100,,11474,1,,,0,100,,11473,1,,,0,100,,11472,1,,,0,100,,11471,1,,,0,100,,11470,1,,,0,100,,11469,1,,,0,100,,11467,1,,,0,100,,11466,1,,,0,100,,11465,1,,,0,100,,11464,1,,,0,100,,11463,1,,,0,100,,11462,1,,,0,100,,11461,1,,,0,100,,11460,1,,,0,101,,11459,1,,,0
1400,'3',901,,7836,1,,,0,100,,7835,1,,,0,100,,7834,1,,,0,100,,7833,1,,,0,100,,7832,1,,,0,100,,7831,1,,,0,100,,7830,1,,,0,100,,7829,1,,,0,100,,7828,1,,,0,100,,7827,1,,,0,100,,7826,1,,,0,100,,7825,1,,,0,101,,7824,1,,,0
1401,'1',659,,7860,35,4,,0,70,,7859,35,4,,0,30,,7858,35,4,,0,70,,7857,35,4,,0,30,,7856,35,4,,0,70,,7855,35,4,,0,30,,7854,35,4,,0,100,,7853,35,4,,0,100,,7852,35,4,,0,100,,7851,35,4,,0,100,,7850,35,4,,0,100,,7849,35,4,,0,100,,7848,35,4,,0,70,,7847,35,4,,0,30,,7846,35,4,,0,70,,7845,35,4,,0,30,,7844,35,4,,0,70,,7843,35,4,,0,30,,7842,35,4,,0,100,,7841,35,4,,0,100,,7840,35,4,,0,100,,7839,35,4,,0,100,,7838,35,4,,0,100,,7837,35,4,,0
1401,'2',659,,11495,35,4,,0,100,,11494,35,4,,0,100,,11493,35,4,,0,100,,11492,35,4,,0,100,,11491,35,4,,0,100,,11490,35,4,,0,100,,11489,35,4,,0,100,,11488,35,4,,0,100,,11487,35,4,,0,100,,11486,35,4,,0,100,,11485,35,4,,0,100,,11484,35,4,,0,100,,11483,35,4,,0,100,,11482,35,4,,0,100,,11481,35,4,,0,100,,11480,35,4,,0,100,,11479,35,4,,0,100,,11478,35,4,,0
1401,'3',859,,7864,13,4,,0,100,,7867,35,4,,0,100,,7866,35,4,,0,100,,7865,35,4,,0,100,,7876,35,4,,0,100,,7875,35,4,,0,100,,7874,35,4,,0,100,,7873,35,4,,0,100,,7872,35,4,,0,100,,7871,35,4,,0,100,,7870,35,4,,0,100,,7869,35,4,,0,100,,7868,35,4,,0
1500,'1',659,,7899,3,4,,0,70,,7901,3,4,,0,30,,7903,3,4,,0,70,,7905,3,4,,0,30,,7907,3,4,,0,70,,7917,3,4,,0,30,,7897,3,4,,0,70,,7925,3,4,,0,30,,7896,3,4,,0,70,,7895,3,4,,0,30,,7894,3,4,,0,70,,7908,3,4,,0,30,,7893,3,4,,0,70,,7892,3,4,,0,30,,7891,3,4,,0,70,,7890,3,4,,0,30,,7889,3,4,,0,70,,7888,3,4,,0,30,,7887,3,4,,0,70,,7912,3,4,,0,30,,7886,3,4,,0,70,,7885,3,4,,0,30,,7913,3,4,,0,70,,7915,3,4,,0
1500,'2',1059,,11509,3,4,,0,70,,11508,3,4,,0,30,,11507,3,4,,0,70,,11529,3,4,,0,30,,11531,3,4,,0,70,,11506,3,4,,0,30,,11505,3,4,,0,70,,11504,3,4,,0,30,,11532,3,4,,0,70,,11503,3,4,,0,30,,11502,3,4,,0,70,,11501,3,4,,0,30,,11500,3,4,,0,70,,11499,3,4,,0,30,,11535,3,4,,0
3001,'1',1942,,8948,11,4,,0,95,,8949,11,4,,0,100,,8950,11,4,,0,100,,8951,11,4,,0,100,,8952,11,4,,0
3001,'13301',2538,,8974,11,4,,0,100,,8975,11,4,,0,100,,8976,11,4,,0
3001,'2',644,,12033,11,4,,0,100,,12035,11,4,,0,100,,12036,11,4,,0,100,,12037,11,4,,0,1000,,12027,11,4,,0,100,,12028,11,4,,0,100,,12029,11,4,,0,100,,12030,11,4,,0,100,,12031,11,4,,0
3001,'3',844,,8977,11,4,,0,100,,8978,11,4,,0,100,,8979,11,4,,0,100,,8980,11,4,,0,100,,8981,11,4,,0,100,,8982,11,4,,0,100,,8983,11,4,,0,100,,8984,11,4,,0,100,,8985,11,4,,0,100,,8986,11,4,,0,100,,8987,11,4,,0,100,,8988,11,4,,0,100,,8989,11,4,,0,100,,8990,11,4,,0
32501,'1201',1529,,10529,6,4,,0
