701,'1',620,,7083,36,,,0,30,,7082,36,,,0,70,,7081,36,,,0,32,,7080,36,,,0,70,,7079,36,,,0,30,,7078,36,,,0,70,,7077,36,,,0,30,,7076,36,,,0,70,,7075,36,,,0,30,,7074,36,,,0,70,,7073,36,,,0,30,,7072,36,,,0,70,,7071,36,,,0,30,,7070,36,,,0,70,,7069,36,,,0,30,,7068,36,,,0,70,,7067,36,,,0,30,,7066,36,,,0,70,,7065,36,,,0,30,,7064,36,,,0,70,,7063,36,,,0,30,,7062,36,,,0,70,,7061,36,,,0,30,,7060,36,,,0,70,,7059,36,,,0,30,,7058,36,,,0,68,,7057,36,,,0,100,,7056,36,,,0,100,,7055,36,,,0,100,,7054,36,,,0,100,,7053,36,,,0,91,,7052,36,,,0
701,'13301',2517,,7084,36,,,0,100,,7085,36,,,0,100,,7086,36,,,0
701,'2',722,,11093,36,,,0,100,,11092,36,,,0,100,,11091,36,,,0,100,,11090,36,,,0,100,,11089,36,,,0,30,,11088,36,,,0,70,,11087,36,,,0,30,,11086,36,,,0,70,,11085,36,,,0,30,,11084,36,,,0,70,,11083,36,,,0,30,,11082,36,,,0,70,,11081,36,,,0,30,,11080,36,,,0,70,,11079,36,,,0,30,,11078,36,,,0,70,,11077,36,,,0,30,,11076,36,,,0,70,,11075,36,,,0,30,,11074,36,,,0,70,,11073,36,,,0,100,,11072,36,,,0,100,,11071,36,,,0,100,,11070,36,,,0,100,,11069,36,,,0,90,,11068,36,,,0
701,'3',922,,7099,36,,,0,100,,7098,36,,,0,100,,7097,36,,,0,100,,7096,36,,,0,100,,7095,36,,,0,100,,7094,36,,,0,100,,7093,36,,,0,100,,7092,36,,,0,100,,7091,36,,,0,100,,7090,36,,,0,100,,7089,36,,,0,100,,7088,36,,,0,90,,7087,36,,,0
2201,'1',653,,8573,37,,,0,79,,8572,37,,,0,70,,8574,37,,,0,30,,8571,37,,,0,70,,8570,37,,,0
3001,'1',618,,8954,9,,,0,37,,8955,9,,,0,82,,8956,9,,,0,80,,8957,9,,,0,40,,8958,9,,,0,83,,8959,9,,,0,77,,8960,9,,,0,40,,8961,9,,,0,80,,8962,9,,,0,80,,8963,9,,,0,40,,8964,9,,,0,80,,8965,9,,,0,80,,8966,9,,,0,40,,8967,9,,,0,83,,8968,9,,,0,82,,8969,9,,,0,80,,8970,9,,,0,40,,8971,9,,,0,80,,8972,9,,,0,78,,8973,9,,,0,38,,8948,9,,,0,95,,8949,9,,,0,100,,8950,9,,,0,100,,8951,9,,,0,100,,8952,9,,,0,101,,8953,9,,,0
3001,'13301',2534,,8974,9,,,0,100,,8975,9,,,0,100,,8976,9,,,0
3001,'2',640,,12033,9,,,0,99,,12035,9,,,0,100,,12036,9,,,0,100,,12037,9,,,0,100,,12034,9,,,0,83,,12038,9,,,0,80,,12039,9,,,0,40,,12040,9,,,0,80,,12041,9,,,0,80,,12042,9,,,0,40,,12043,9,,,0,80,,12044,9,,,0,80,,12045,9,,,0,40,,12046,9,,,0,80,,12047,9,,,0,80,,12048,9,,,0,37,,12049,9,,,0,100,,12027,9,,,0,100,,12028,9,,,0,100,,12029,9,,,0,100,,12030,9,,,0,100,,12031,9,,,0,90,,12032,9,,,0
3001,'3',838,,8977,9,,,0,100,,8978,9,,,0,100,,8979,9,,,0,100,,8980,9,,,0,100,,8981,9,,,0,100,,8982,9,,,0,100,,8983,9,,,0,100,,8984,9,,,0,100,,8985,9,,,0,100,,8986,9,,,0,100,,8987,9,,,0,100,,8988,9,,,0,100,,8989,9,,,0,100,,8990,9,,,0
3501,'1',559,,9081,9,,,0,80,,9082,9,,,0,75,,9083,9,,,0,43,,9084,9,,,0,80,,9085,9,,,0,80,,9086,9,,,0,39,,9087,9,,,0,83,,9088,9,,,0,80,,9089,9,,,0,40,,9090,9,,,0,80,,9091,9,,,0,80,,9092,9,,,0,40,,9093,9,,,0,80,,9094,9,,,0,81,,9095,9,,,0,83,,9096,9,,,0,40,,9097,9,,,0,80,,9098,9,,,0,80,,9099,9,,,0,40,,9075,9,,,0,75,,9100,9,,,0,85,,9076,9,,,0,100,,9077,9,,,0,100,,9078,9,,,0,100,,9079,9,,,0,100,,9080,9,,,0
3501,'13301',2503,,9101,9,,,0,100,,9102,9,,,0,100,,9103,9,,,0
3501,'2',709,,12110,9,,,0,100,,12111,9,,,0,100,,12112,9,,,0,100,,12113,9,,,0,95,,12114,9,,,0,40,,12099,9,,,0,80,,12100,9,,,0,80,,12101,9,,,0,40,,12102,9,,,0,80,,12103,9,,,0,80,,12104,9,,,0,40,,12105,9,,,0,80,,12106,9,,,0,80,,12107,9,,,0,40,,12108,9,,,0,80,,12109,9,,,0,85,,12093,9,,,0,100,,12094,9,,,0,100,,12095,9,,,0,100,,12096,9,,,0,100,,12097,9,,,0,100,,12098,9,,,0
3501,'3',909,,9104,9,,,0,100,,9105,9,,,0,100,,9106,9,,,0,100,,9107,9,,,0,100,,9108,9,,,0,100,,9109,9,,,0,100,,9110,9,,,0,100,,9111,9,,,0,100,,9112,9,,,0,100,,9113,9,,,0,100,,9114,9,,,0,100,,9115,9,,,0,100,,9116,9,,,0
