5001,'1',613,,9539,15,,,0,30,,9540,15,,,0,70,,9511,15,,,0,30,,9512,15,,,0,70,,9513,15,,,0,30,,9514,15,,,0,70,,9515,15,,,0,30,,9516,15,,,0,70,,9517,15,,,0,30,,9518,15,,,0,70,,9519,15,,,0,30,,9520,15,,,0,70,,9521,15,,,0,30,,9522,15,,,0,70,,9523,15,,,0,30,,9524,15,,,0,70,,9525,15,,,0,30,,9526,15,,,0,75,,9527,15,,,0,26,,9528,15,,,0,70,,9529,15,,,0,30,,9530,15,,,0,70,,9531,15,,,0,30,,9532,15,,,0,70,,9533,15,,,0,30,,9541,15,,,0,69,,9534,15,,,0,100,,9535,15,,,0,100,,9536,15,,,0,100,,9537,15,,,0,100,,9538,15,,,0,100,,9542,15,,,0
5001,'13301',2513,,9543,15,,,0,100,,9544,15,,,0,100,,9545,15,,,0
5001,'2',618,,12298,15,,,0,100,,12299,15,,,0,100,,12300,15,,,0,100,,12301,15,,,0,100,,12302,15,,,0,96,,12303,15,,,0,40,,12304,15,,,0,80,,12305,15,,,0,80,,12306,15,,,0,40,,12307,15,,,0,80,,12308,15,,,0,80,,12309,15,,,0,40,,12310,15,,,0,80,,12311,15,,,0,80,,12312,15,,,0,40,,12313,15,,,0,80,,12314,15,,,0,84,,12315,15,,,0,100,,12316,15,,,0,100,,12317,15,,,0,100,,12318,15,,,0,100,,12319,15,,,0,106,,12320,15,,,0
5001,'3',921,,9549,15,,,0,100,,9550,15,,,0,100,,9551,15,,,0,100,,9552,15,,,0,100,,9553,15,,,0,100,,9554,15,,,0,100,,9555,15,,,0,100,,9556,15,,,0,100,,9557,15,,,0,100,,9558,15,,,0,100,,9546,15,,,0,100,,9547,15,,,0,99,,9548,15,,,0
5501,'1',559,,9638,16,,,0,70,,9637,16,,,0,30,,9608,16,,,0,70,,9609,16,,,0,30,,9610,16,,,0,70,,9611,16,,,0,30,,9612,16,,,0,70,,9613,16,,,0,30,,9614,16,,,0,70,,9615,16,,,0,30,,9616,16,,,0,70,,9617,16,,,0,30,,9618,16,,,0,70,,9619,16,,,0,30,,9620,16,,,0,70,,9621,16,,,0,30,,9622,16,,,0,70,,9623,16,,,0,30,,9624,16,,,0,74,,9625,16,,,0,70,,9626,16,,,0,30,,9627,16,,,0,70,,9628,16,,,0,30,,9629,16,,,0,70,,9630,16,,,0,30,,9631,16,,,0,70,,9639,16,,,0,40,,9632,16,,,0,100,,9633,16,,,0,100,,9634,16,,,0,100,,9635,16,,,0,100,,9636,16,,,0
5501,'13301',2543,,9640,16,,,0,100,,9641,16,,,0,100,,9642,16,,,0
5501,'2',652,,12365,16,,,0,100,,12344,16,,,0,100,,12345,16,,,0,100,,12346,16,,,0,100,,12347,16,,,0,91,,12348,16,,,0,75,,12349,16,,,0,40,,12350,16,,,0,80,,12351,16,,,0,80,,12352,16,,,0,40,,12353,16,,,0,80,,12354,16,,,0,80,,12355,16,,,0,40,,12356,16,,,0,80,,12357,16,,,0,80,,12358,16,,,0,38,,12359,16,,,0,96,,12360,16,,,0,100,,12361,16,,,0,100,,12362,16,,,0,100,,12363,16,,,0,100,,12364,16,,,0
5501,'3',952,,9643,16,,,0,100,,9644,16,,,0,100,,9645,16,,,0,100,,9646,16,,,0,100,,9647,16,,,0,100,,9648,16,,,0,100,,9649,16,,,0,100,,9650,16,,,0,100,,9651,16,,,0,100,,9652,16,,,0,100,,9653,16,,,0,100,,9654,16,,,0,94,,9655,16,,,0
8401,'1',549,,10298,14,,,0,79,,10299,14,,,0,28,,10300,14,,,0,72,,10301,14,,,0,28,,10302,14,,,0,68,,10303,14,,,0,28,,10304,14,,,0,67,,10305,14,,,0,27,,10306,14,,,0,75,,10307,14,,,0,35,,10308,14,,,0,75,,10309,14,,,0,75,,10310,14,,,0,35,,10311,14,,,0,75,,10312,14,,,0,35,,10313,14,,,0,75,,10314,14,,,0,33,,10315,14,,,0,77,,10316,14,,,0,73,,10317,14,,,0,27,,10318,14,,,0,68,,10319,14,,,0,28,,10320,14,,,0,68,,10321,14,,,0,28,,10322,14,,,0,24,,10323,14,,,0,80,,10324,14,,,0,80,,10325,14,,,0,40,,10326,14,,,0,80,,10327,14,,,0,80,,10328,14,,,0,40,,10329,14,,,0,80,,10330,14,,,0,80,,10331,14,,,0
8401,'13301',2452,,10332,14,,,0,80,,10333,14,,,0,80,,10334,14,,,0,40,,10335,14,,,0,80,,10336,14,,,0
8401,'2',705,,12672,14,,,0,40,,12673,14,,,0,80,,12674,14,,,0,80,,12675,14,,,0,40,,12676,14,,,0,80,,12677,14,,,0,80,,12678,14,,,0,40,,12679,14,,,0,65,,12680,14,,,0,21,,12681,14,,,0,69,,12682,14,,,0,25,,12683,14,,,0,25,,12684,14,,,0,65,,12685,14,,,0,25,,12686,14,,,0,65,,12687,14,,,0,25,,12688,14,,,0,25,,12689,14,,,0,65,,12690,14,,,0,25,,12691,14,,,0,65,,12692,14,,,0,25,,12693,14,,,0,65,,12694,14,,,0,25,,12695,14,,,0,25,,12696,14,,,0,67,,12697,14,,,0,40,,12698,14,,,0,80,,12699,14,,,0,80,,12700,14,,,0,40,,12701,14,,,0,80,,12702,14,,,0,80,,12703,14,,,0,40,,12704,14,,,0
8401,'3',850,,10337,14,,,0,80,,10338,14,,,0,80,,10339,14,,,0,40,,10340,14,,,0,80,,10341,14,,,0,80,,10342,14,,,0,40,,10343,14,,,0,80,,10344,14,,,0,80,,10345,14,,,0,40,,10346,14,,,0,80,,10347,14,,,0,80,,10348,14,,,0,40,,10349,14,,,0,80,,10350,14,,,0,80,,10351,14,,,0,40,,10352,14,,,0,80,,10353,14,,,0,80,,10354,14,,,0,40,,10355,14,,,0,80,,10356,14,,,0
