100,'1',614,,6213,25,4,,0,30,,6214,25,4,,0,67,,6215,25,4,,0,30,,6216,25,4,,0,70,,6217,25,4,,0,30,,6218,25,4,,0,70,,6219,25,4,,0,30,,6220,25,4,,0,71,,6221,25,4,,0,30,,6222,25,4,,0,70,,6223,25,4,,0,30,,6224,25,4,,0,70,,6225,25,4,,0,30,,6226,25,4,,0,70,,6227,25,4,,0,30,,6228,25,4,,0,70,,6229,25,4,,0,30,,6230,25,4,,0,70,,6231,25,4,,0,31,,6232,25,4,,0,70,,6233,25,4,,0,15,,6234,25,4,,0,15,,6235,25,4,,0,70,,6236,25,4,,0,30,,6237,25,4,,0,70,,6238,25,4,,0,30,,6239,25,4,,0,68,,6240,25,4,,0,100,,6241,25,4,,0,100,,6242,25,4,,0,100,,6243,25,4,,0,100,,6244,25,4,,0,100,,6245,25,4,,0
100,'13301',2511,,6246,25,4,,0,100,,6247,25,4,,0,100,,6248,25,4,,0
100,'2',712,,10632,25,4,,0,100,,10633,25,4,,0,100,,10634,25,4,,0,100,,10635,25,4,,0,100,,10636,25,4,,0,30,,10637,25,4,,0,70,,10638,25,4,,0,30,,10639,25,4,,0,70,,10640,25,4,,0,30,,10641,25,4,,0,70,,10642,25,4,,0,30,,10643,25,4,,0,70,,10644,25,4,,0,30,,10645,25,4,,0,70,,10646,25,4,,0,30,,10647,25,4,,0,70,,10648,25,4,,0,30,,10649,25,4,,0,70,,10650,25,4,,0,30,,10651,25,4,,0,70,,10652,25,4,,0,30,,10653,25,4,,0,70,,10658,25,4,,0,100,,10654,25,4,,0,100,,10655,25,4,,0,100,,10656,25,4,,0,100,,10657,25,4,,0
100,'3',912,,6249,25,4,,0,100,,6250,25,4,,0,100,,6251,25,4,,0,100,,6252,25,4,,0,100,,6253,25,4,,0,100,,6254,25,4,,0,100,,6255,25,4,,0,100,,6256,25,4,,0,100,,6257,25,4,,0,100,,6258,25,4,,0,100,,6259,25,4,,0,100,,6260,25,4,,0,100,,6261,25,4,,0
401,'1',612,,6578,15,4,,0,7,,6579,15,4,,0,8,,6580,15,4,,0,7,,6581,15,4,,0,8,,6582,15,4,,0,7,,6583,15,4,,0,8,,6584,15,4,,0,47,,6585,15,4,,0,8,,6586,15,4,,0,16,,6587,15,4,,0,8,,6618,15,4,,0,7,,6588,15,4,,0,8,,6589,15,4,,0,7,,6615,15,4,,0,48,,6590,15,4,,0,7,,6591,15,4,,0,8,,6592,15,4,,0,7,,6593,15,4,,0,8,,6619,15,4,,0,7,,6594,15,4,,0,8,,6595,15,4,,0,7,,6596,15,4,,0,48,,6597,15,4,,0,7,,6598,15,4,,0,8,,6617,15,4,,0,7,,6616,15,4,,0,8,,6599,15,4,,0,7,,6600,15,4,,0,8,,6602,15,4,,0,2,,6603,15,4,,0,48,,6604,15,4,,0,7,,6601,15,4,,0,8,,6605,15,4,,0,7,,6606,15,4,,0,8,,6609,15,4,,0,7,,6608,15,4,,0,8,,6607,15,4,,0,7,,6620,15,4,,0,48,,6610,15,4,,0,7,,6611,15,4,,0,8,,6612,15,4,,0,7,,6613,15,4,,0,8,,6614,15,4,,0,7,,6621,15,4,,0,8,,6622,15,4,,0,7,,6623,15,4,,0,48,,6624,15,4,,0,7,,6625,15,4,,0,8,,6626,15,4,,0,7,,6627,15,4,,0,8,,6633,15,4,,0,7,,6628,15,4,,0,8,,6629,15,4,,0,7,,6630,15,4,,0,48,,6631,15,4,,0,7,,6632,15,4,,0,8,,6634,15,4,,0,7,,6635,15,4,,0,8,,6636,15,4,,0,7,,6637,15,4,,0,8,,6638,15,4,,0,7,,6639,15,4,,0,48,,6640,15,4,,0,7,,6641,15,4,,0,8,,6642,15,4,,0,7,,6643,15,4,,0,8,,6644,15,4,,0,7,,6645,15,4,,0,8,,6646,15,4,,0,7,,6647,15,4,,0,48,,6648,15,4,,0,7,,6649,15,4,,0,8,,6650,15,4,,0,5,,6651,15,4,,0,8,,6652,15,4,,0,7,,6653,15,4,,0,8,,6654,15,4,,0,7,,6655,15,4,,0,8,,6656,15,4,,0,47,,6657,15,4,,0,8,,6658,15,4,,0,7,,6659,15,4,,0,8,,6660,15,4,,0,7,,6661,15,4,,0,8,,6662,15,4,,0,7,,6663,15,4,,0,8,,6664,15,4,,0,47,,6665,15,4,,0,8,,6666,15,4,,0,7,,6667,15,4,,0,8,,6668,15,4,,0,7,,6669,15,4,,0,8,,6670,15,4,,0,7,,6671,15,4,,0,8,,6672,15,4,,0,47,,6673,15,4,,0,8,,6674,15,4,,0,7,,6675,15,4,,0,8,,6676,15,4,,0,7,,6677,15,4,,0,8,,6678,15,4,,0,5,,6679,15,4,,0,55,,6690,15,4,,0,8,,6689,15,4,,0,7,,6696,15,4,,0,22,,6680,15,4,,0,63,,6691,15,4,,0,17,,6697,15,4,,0,20,,6681,15,4,,0,63,,6692,15,4,,0,17,,6682,15,4,,0,20,,6683,15,4,,0,63,,6693,15,4,,0,17,,6684,15,4,,0,20,,6685,15,4,,0,63,,6694,15,4,,0,17,,6686,15,4,,0,20,,6687,15,4,,0,63,,6695,15,4,,0,17,,6688,15,4,,0
401,'13301',2441,,6698,15,4,,0,63,,6705,15,4,,0,17,,6702,15,4,,0,20,,6699,15,4,,0,63,,6706,15,4,,0,17,,6703,15,4,,0,20,,6700,15,4,,0,63,,6707,15,4,,0,17,,6704,15,4,,0,20,,6701,15,4,,0
401,'2',651,,10826,15,4,,0,60,,10827,15,4,,0,20,,10879,15,4,,0,20,,10828,15,4,,0,60,,10829,15,4,,0,20,,10880,15,4,,0,20,,10830,15,4,,0,60,,10831,15,4,,0,20,,10881,15,4,,0,20,,10832,15,4,,0,60,,10833,15,4,,0,20,,10882,15,4,,0,20,,10834,15,4,,0,80,,10883,15,4,,0,20,,10846,15,4,,0,50,,10897,15,4,,0,10,,10847,15,4,,0,10,,10848,15,4,,0,10,,10884,15,4,,0,10,,10849,15,4,,0,10,,10850,15,4,,0,50,,10898,15,4,,0,10,,10851,15,4,,0,10,,10852,15,4,,0,10,,10885,15,4,,0,10,,10853,15,4,,0,10,,10854,15,4,,0,50,,10899,15,4,,0,10,,10855,15,4,,0,10,,10856,15,4,,0,10,,10886,15,4,,0,10,,10857,15,4,,0,10,,10858,15,4,,0,50,,10900,15,4,,0,10,,10859,15,4,,0,10,,10860,15,4,,0,10,,10887,15,4,,0,10,,10861,15,4,,0,10,,10862,15,4,,0,50,,10901,15,4,,0,10,,10863,15,4,,0,10,,10864,15,4,,0,10,,10888,15,4,,0,10,,10865,15,4,,0,10,,10866,15,4,,0,50,,10902,15,4,,0,10,,10867,15,4,,0,10,,10868,15,4,,0,10,,10889,15,4,,0,10,,10869,15,4,,0,10,,10870,15,4,,0,50,,10903,15,4,,0,10,,10871,15,4,,0,10,,10872,15,4,,0,10,,10890,15,4,,0,10,,10873,15,4,,0,10,,10874,15,4,,0,50,,10904,15,4,,0,10,,10875,15,4,,0,10,,10876,15,4,,0,10,,10891,15,4,,0,10,,10877,15,4,,0,10,,10878,15,4,,0,60,,10836,15,4,,0,20,,10892,15,4,,0,20,,10837,15,4,,0,60,,10838,15,4,,0,20,,10893,15,4,,0,20,,10839,15,4,,0,60,,10840,15,4,,0,20,,10894,15,4,,0,20,,10841,15,4,,0,60,,10842,15,4,,0,20,,10895,15,4,,0,20,,10843,15,4,,0,60,,10844,15,4,,0,20,,10896,15,4,,0,17,,10845,15,4,,0
401,'3',911,,6708,15,4,,0,20,,6735,15,4,,0,20,,6709,15,4,,0,60,,6710,15,4,,0,20,,6736,15,4,,0,20,,6711,15,4,,0,60,,6712,15,4,,0,20,,6737,15,4,,0,20,,6718,15,4,,0,60,,6719,15,4,,0,20,,6738,15,4,,0,20,,6720,15,4,,0,60,,6721,15,4,,0,20,,6739,15,4,,0,20,,6722,15,4,,0,60,,6723,15,4,,0,20,,6740,15,4,,0,20,,6724,15,4,,0,60,,6725,15,4,,0,20,,6741,15,4,,0,20,,6726,15,4,,0,60,,6727,15,4,,0,20,,6742,15,4,,0,20,,6728,15,4,,0,60,,6729,15,4,,0,20,,6743,15,4,,0,20,,6730,15,4,,0,60,,6731,15,4,,0,20,,6744,15,4,,0,20,,6732,15,4,,0,60,,6733,15,4,,0,20,,6745,15,4,,0,20,,6713,15,4,,0,60,,6714,15,4,,0,20,,6746,15,4,,0,20,,6715,15,4,,0,60,,6716,15,4,,0,20,,6747,15,4,,0,20,,6717,15,4,,0
700,'1',616,,7035,1,,,0,30,,7005,1,,,0,70,,7006,1,,,0,30,,7007,1,,,0,70,,7008,1,,,0,30,,7009,1,,,0,70,,7010,1,,,0,30,,7011,1,,,0,70,,7012,1,,,0,30,,7013,1,,,0,70,,7014,1,,,0,30,,7015,1,,,0,70,,7016,1,,,0,30,,7017,1,,,0,70,,7018,1,,,0,30,,7019,1,,,0,70,,7020,1,,,0,30,,7021,1,,,0,70,,7022,1,,,0,30,,7023,1,,,0,70,,7024,1,,,0,30,,7025,1,,,0,70,,7026,1,,,0,30,,7027,1,,,0,70,,7028,1,,,0,100,,7029,1,,,0,100,,7030,1,,,0,100,,7031,1,,,0,100,,7032,1,,,0,100,,7033,1,,,0,101,,7034,1,,,0
700,'13301',2517,,7036,1,,,0,100,,7037,1,,,0,100,,7038,1,,,0
700,'2',716,,11043,1,,,0,100,,11044,1,,,0,100,,11045,1,,,0,100,,11046,1,,,0,100,,11047,1,,,0,30,,11048,1,,,0,70,,11049,1,,,0,30,,11050,1,,,0,70,,11051,1,,,0,30,,11052,1,,,0,70,,11053,1,,,0,30,,11054,1,,,0,70,,11055,1,,,0,30,,11056,1,,,0,70,,11057,1,,,0,30,,11058,1,,,0,70,,11059,1,,,0,30,,11060,1,,,0,70,,11061,1,,,0,100,,11062,1,,,0,100,,11063,1,,,0,100,,11064,1,,,0,100,,11065,1,,,0,99,,11066,1,,,0,99,,11067,1,,,0
700,'3',916,,7039,1,,,0,100,,7040,1,,,0,100,,7041,1,,,0,100,,7042,1,,,0,100,,7043,1,,,0,100,,7044,1,,,0,100,,7045,1,,,0,100,,7046,1,,,0,100,,7047,1,,,0,100,,7048,1,,,0,100,,7049,1,,,0,101,,7050,1,,,0,101,,7051,1,,,0
901,'1',1914,,7451,40,4,,0
901,'2',1914,,11281,40,4,,0
4300,'1',617,,9119,1,,,0,30,,9120,1,,,0,66,,9121,1,,,0,30,,9122,1,,,0,70,,9123,1,,,0,30,,9124,1,,,0,69,,9125,1,,,0,27,,9126,1,,,0,70,,9127,1,,,0,30,,9128,1,,,0,70,,9129,1,,,0,30,,9130,1,,,0,70,,9131,1,,,0,30,,9132,1,,,0,70,,9133,1,,,0,30,,9134,1,,,0,70,,9135,1,,,0,30,,9136,1,,,0,67,,9137,1,,,0,30,,9138,1,,,0,70,,9139,1,,,0,30,,9140,1,,,0,70,,9141,1,,,0,30,,9142,1,,,0,70,,9143,1,,,0,30,,9144,1,,,0,70,,9145,1,,,0,100,,9146,1,,,0,100,,9147,1,,,0,100,,9148,1,,,0,100,,9149,1,,,0,100,,9150,1,,,0
4300,'13301',2506,,9151,1,,,0,100,,9152,1,,,0,100,,9153,1,,,0
4300,'2',636,,12115,1,,,0,100,,12116,1,,,0,100,,12117,1,,,0,100,,12118,1,,,0,100,,12119,1,,,0,70,,12133,1,,,0,30,,12120,1,,,0,70,,12134,1,,,0,30,,12121,1,,,0,70,,12135,1,,,0,30,,12122,1,,,0,70,,12136,1,,,0,30,,12123,1,,,0,70,,12137,1,,,0,30,,12124,1,,,0,70,,12138,1,,,0,30,,12125,1,,,0,70,,12139,1,,,0,30,,12126,1,,,0,70,,12140,1,,,0,30,,12127,1,,,0,100,,12128,1,,,0,100,,12129,1,,,0,100,,12130,1,,,0,100,,12131,1,,,0,100,,12132,1,,,0
4300,'3',836,,9154,1,,,0,100,,9155,1,,,0,100,,9156,1,,,0,100,,9157,1,,,0,100,,9158,1,,,0,100,,9159,1,,,0,100,,9160,1,,,0,100,,9161,1,,,0,100,,9162,1,,,0,100,,9163,1,,,0,100,,9164,1,,,0,100,,9165,1,,,0,100,,9166,1,,,0,100,,9167,1,,,0
4400,'1',624,,9221,1,,,0,30,,9222,1,,,0,66,,9223,1,,,0,30,,9224,1,,,0,70,,9225,1,,,0,30,,9226,1,,,0,69,,9227,1,,,0,28,,9228,1,,,0,70,,9229,1,,,0,30,,9230,1,,,0,70,,9231,1,,,0,30,,9232,1,,,0,70,,9233,1,,,0,30,,9234,1,,,0,70,,9235,1,,,0,30,,9236,1,,,0,70,,9237,1,,,0,30,,9238,1,,,0,67,,9239,1,,,0,30,,9240,1,,,0,70,,9241,1,,,0,30,,9242,1,,,0,70,,9243,1,,,0,30,,9244,1,,,0,102,,9245,1,,,0,100,,9246,1,,,0,100,,9247,1,,,0,100,,9248,1,,,0,100,,9249,1,,,0,101,,9250,1,,,0
4400,'13301',2446,,9251,1,,,0,100,,9252,1,,,0,100,,9253,1,,,0
4400,'2',716,,12176,1,,,0,100,,12175,1,,,0,100,,12174,1,,,0,100,,12173,1,,,0,100,,12178,1,,,0,30,,12179,1,,,0,70,,12180,1,,,0,30,,12181,1,,,0,70,,12182,1,,,0,30,,12183,1,,,0,70,,12184,1,,,0,30,,12185,1,,,0,70,,12186,1,,,0,30,,12187,1,,,0,70,,12188,1,,,0,30,,12189,1,,,0,70,,12190,1,,,0,30,,12191,1,,,0,70,,12192,1,,,0,30,,12193,1,,,0,70,,12172,1,,,0,100,,12171,1,,,0,100,,12170,1,,,0,100,,12169,1,,,0,100,,12168,1,,,0,100,,12167,1,,,0
4400,'3',916,,9266,1,,,0,100,,9265,1,,,0,100,,9261,1,,,0,100,,9260,1,,,0,100,,9259,1,,,0,100,,9258,1,,,0,100,,9257,1,,,0,100,,9256,1,,,0,100,,9255,1,,,0,100,,9254,1,,,0,100,,9264,1,,,0,100,,9263,1,,,0,100,,9262,1,,,0
4500,'1',602,,9318,1,,,0,29,,9319,1,,,0,26,,9320,1,,,0,70,,9321,1,,,0,30,,9322,1,,,0,70,,9323,1,,,0,30,,9324,1,,,0,69,,9325,1,,,0,30,,9326,1,,,0,70,,9327,1,,,0,30,,9328,1,,,0,70,,9329,1,,,0,30,,9330,1,,,0,70,,9331,1,,,0,30,,9332,1,,,0,70,,9333,1,,,0,30,,9334,1,,,0,70,,9335,1,,,0,30,,9336,1,,,0,66,,9337,1,,,0,30,,9338,1,,,0,70,,9339,1,,,0,30,,9340,1,,,0,70,,9341,1,,,0,93,,9342,1,,,0,111,,9343,1,,,0,100,,9344,1,,,0,100,,9345,1,,,0,100,,9346,1,,,0,100,,9347,1,,,0
4500,'13301',2426,,9348,1,,,0,100,,9349,1,,,0,100,,9350,1,,,0
4500,'2',656,,12230,1,,,0,100,,12229,1,,,0,100,,12228,1,,,0,100,,12227,1,,,0,100,,12221,1,,,0,70,,12232,1,,,0,30,,12233,1,,,0,70,,12234,1,,,0,30,,12235,1,,,0,70,,12236,1,,,0,30,,12237,1,,,0,70,,12238,1,,,0,30,,12239,1,,,0,70,,12240,1,,,0,30,,12241,1,,,0,70,,12242,1,,,0,30,,12243,1,,,0,70,,12244,1,,,0,30,,12245,1,,,0,70,,12246,1,,,0,30,,12247,1,,,0,100,,12226,1,,,0,100,,12225,1,,,0,100,,12224,1,,,0,100,,12223,1,,,0,100,,12222,1,,,0
4500,'3',856,,9363,1,,,0,100,,9362,1,,,0,100,,9351,1,,,0,100,,9361,1,,,0,100,,9360,1,,,0,100,,9359,1,,,0,100,,9358,1,,,0,100,,9357,1,,,0,100,,9356,1,,,0,100,,9355,1,,,0,100,,9354,1,,,0,101,,9353,1,,,0,99,,9352,1,,,0
4600,'1',609,,9412,1,,,0,29,,9413,1,,,0,66,,9414,1,,,0,30,,9415,1,,,0,70,,9416,1,,,0,30,,9417,1,,,0,71,,9418,1,,,0,29,,9419,1,,,0,70,,9420,1,,,0,30,,9421,1,,,0,70,,9422,1,,,0,30,,9423,1,,,0,70,,9424,1,,,0,30,,9425,1,,,0,70,,9426,1,,,0,30,,9427,1,,,0,70,,9428,1,,,0,29,,9429,1,,,0,25,,9430,1,,,0,70,,9431,1,,,0,30,,9432,1,,,0,70,,9433,1,,,0,30,,9434,1,,,0,70,,9435,1,,,0,30,,9436,1,,,0
54300,'14001',940,,10593,13,4,,0
