800,'1',635,,7100,20,4,,0,10,,7104,20,4,,0,10,,7108,20,4,,0,50,,7111,20,4,,0,10,,7114,20,4,,0,13,,7101,20,4,,0,10,,7105,20,4,,0,10,,7109,20,4,,0,10,,7112,20,4,,0,50,,7115,20,4,,0,10,,7102,20,4,,0,10,,7106,20,4,,0,10,,7110,20,4,,0,10,,7113,20,4,,0,10,,7116,20,4,,0,50,,7103,20,4,,0,10,,7107,20,4,,0,9,,7117,20,4,,0,10,,7125,20,4,,0,10,,7132,20,4,,0,10,,7139,20,4,,0,50,,7146,20,4,,0,10,,7118,20,4,,0,10,,7126,20,4,,0,10,,7133,20,4,,0,10,,7140,20,4,,0,10,,7147,20,4,,0,50,,7119,20,4,,0,10,,7127,20,4,,0,10,,7134,20,4,,0,10,,7141,20,4,,0,10,,7148,20,4,,0,10,,7120,20,4,,0,50,,7128,20,4,,0,10,,7135,20,4,,0,10,,7142,20,4,,0,10,,7149,20,4,,0,10,,7121,20,4,,0,10,,7129,20,4,,0,50,,7136,20,4,,0,10,,7143,20,4,,0,10,,7150,20,4,,0,10,,7122,20,4,,0,10,,7130,20,4,,0,10,,7137,20,4,,0,50,,7144,20,4,,0,10,,7151,20,4,,0,10,,7123,20,4,,0,10,,7131,20,4,,0,10,,7138,20,4,,0,10,,7145,20,4,,0,50,,7152,20,4,,0,10,,7124,20,4,,0,13,,7153,20,4,,0,10,,7157,20,4,,0,10,,7161,20,4,,0,50,,7165,20,4,,0,10,,7168,20,4,,0,10,,7154,20,4,,0,10,,7158,20,4,,0,10,,7162,20,4,,0,10,,7166,20,4,,0,50,,7169,20,4,,0,10,,7155,20,4,,0,10,,7159,20,4,,0,10,,7163,20,4,,0,10,,7167,20,4,,0,10,,7170,20,4,,0,50,,7156,20,4,,0,10,,7160,20,4,,0,10,,7164,20,4,,0,10,,7171,20,4,,0,10,,7172,20,4,,0,10,,7173,20,4,,0,6,,7174,20,4,,0,52,,7175,20,4,,0,22,,7176,20,4,,0,22,,7177,20,4,,0,62,,7178,20,4,,0,22,,7179,20,4,,0,22,,7180,20,4,,0,60,,7181,20,4,,0,22,,7182,20,4,,0,62,,7183,20,4,,0,22,,7184,20,4,,0,22,,7185,20,4,,0,62,,7186,20,4,,0,22,,7187,20,4,,0,22,,7188,20,4,,0,62,,7189,20,4,,0,22,,7190,20,4,,0
800,'13301',2458,,7191,20,4,,0,62,,7192,20,4,,0,22,,7193,20,4,,0,62,,7194,20,4,,0,22,,7195,20,4,,0,22,,7196,20,4,,0,62,,7197,20,4,,0,22,,7198,20,4,,0
800,'3',906,,7199,20,4,,0,22,,7200,20,4,,0,22,,7201,20,4,,0,62,,7202,20,4,,0,22,,7203,20,4,,0,22,,7204,20,4,,0,62,,7205,20,4,,0,22,,7206,20,4,,0,62,,7207,20,4,,0,22,,7208,20,4,,0,22,,7209,20,4,,0,62,,7210,20,4,,0,22,,7211,20,4,,0,22,,7212,20,4,,0,62,,7213,20,4,,0,22,,7214,20,4,,0,22,,7215,20,4,,0,62,,7216,20,4,,0,22,,7217,20,4,,0,62,,7218,20,4,,0,22,,7219,20,4,,0,22,,7220,20,4,,0,62,,7221,20,4,,0,22,,7222,20,4,,0,22,,7223,20,4,,0,62,,7224,20,4,,0,22,,7225,20,4,,0,62,,7226,20,4,,0,22,,7227,20,4,,0,22,,7228,20,4,,0,62,,7229,20,4,,0,22,,7230,20,4,,0,22,,7231,20,4,,0,62,,7232,20,4,,0,22,,7233,20,4,,0
801,'1',601,,7322,1,,,0,10,,7323,1,,,0,10,,7324,1,,,0,10,,7325,1,,,0,10,,7234,1,,,0,10,,7237,1,,,0,50,,7240,1,,,0,10,,7243,1,,,0,10,,7245,1,,,0,10,,7235,1,,,0,10,,7238,1,,,0,10,,7241,1,,,0,50,,7244,1,,,0,10,,7246,1,,,0,10,,7236,1,,,0,10,,7239,1,,,0,10,,7242,1,,,0,10,,7298,1,,,0,50,,7299,1,,,0,10,,7300,1,,,0,10,,7301,1,,,0,10,,7247,1,,,0,10,,7254,1,,,0,10,,7261,1,,,0,50,,7268,1,,,0,10,,7274,1,,,0,10,,7248,1,,,0,10,,7255,1,,,0,10,,7262,1,,,0,10,,7269,1,,,0,50,,7275,1,,,0,10,,7249,1,,,0,10,,7256,1,,,0,10,,7263,1,,,0,10,,7270,1,,,0,10,,7276,1,,,0,50,,7250,1,,,0,10,,7257,1,,,0,10,,7264,1,,,0,10,,7271,1,,,0,10,,7277,1,,,0,10,,7251,1,,,0,50,,7258,1,,,0,10,,7265,1,,,0,10,,7272,1,,,0,10,,7278,1,,,0,10,,7252,1,,,0,10,,7259,1,,,0,50,,7266,1,,,0,10,,7273,1,,,0,10,,7279,1,,,0,10,,7253,1,,,0,10,,7260,1,,,0,10,,7267,1,,,0,50,,7302,1,,,0,10,,7303,1,,,0,10,,7304,1,,,0,11,,7280,1,,,0,10,,7284,1,,,0,10,,7288,1,,,0,50,,7292,1,,,0,10,,7295,1,,,0,10,,7281,1,,,0,10,,7285,1,,,0,10,,7289,1,,,0,10,,7293,1,,,0,50,,7296,1,,,0,10,,7282,1,,,0,10,,7286,1,,,0,10,,7290,1,,,0,10,,7294,1,,,0,10,,7297,1,,,0,50,,7283,1,,,0,10,,7287,1,,,0,10,,7291,1,,,0,10,,7305,1,,,0,18,,7307,1,,,0,60,,7306,1,,,0,22,,7308,1,,,0,22,,7309,1,,,0,62,,7310,1,,,0,22,,7311,1,,,0,62,,7312,1,,,0,22,,7313,1,,,0,22,,7314,1,,,0,62,,7315,1,,,0,22,,7316,1,,,0,22,,7317,1,,,0,62,,7318,1,,,0,22,,7319,1,,,0,22,,7320,1,,,0,62,,7321,1,,,0
801,'13301',2440,,7326,1,,,0,62,,7327,1,,,0,22,,7328,1,,,0,22,,7329,1,,,0,62,,7330,1,,,0,22,,7331,1,,,0,22,,7332,1,,,0,62,,7333,1,,,0
801,'3',824,,7334,1,,,0,22,,7335,1,,,0,62,,7336,1,,,0,22,,7337,1,,,0,22,,7338,1,,,0,62,,7339,1,,,0,22,,7340,1,,,0,22,,7341,1,,,0,62,,7342,1,,,0,22,,7343,1,,,0,62,,7344,1,,,0,22,,7345,1,,,0,22,,7346,1,,,0,62,,7347,1,,,0,22,,7348,1,,,0,22,,7349,1,,,0,62,,7350,1,,,0,22,,7351,1,,,0,62,,7352,1,,,0,22,,7353,1,,,0,22,,7354,1,,,0,62,,7355,1,,,0,22,,7356,1,,,0,22,,7357,1,,,0,62,,7358,1,,,0,22,,7359,1,,,0,22,,7360,1,,,0,62,,7361,1,,,0,22,,7362,1,,,0,62,,7363,1,,,0,22,,7364,1,,,0,22,,7365,1,,,0,62,,7366,1,,,0,22,,7367,1,,,0,22,,7368,1,,,0,62,,7369,1,,,0
1000,'1',648,,7469,21,4,,0,62,,7470,21,4,,0,22,,7471,21,4,,0,22,,7472,21,4,,0,62,,7473,21,4,,0,22,,7474,21,4,,0,62,,7475,21,4,,0,21,,7476,21,4,,0,22,,7477,21,4,,0,62,,7478,21,4,,0,22,,7479,21,4,,0,22,,7480,21,4,,0,62,,7481,21,4,,0,22,,7482,21,4,,0,22,,7483,21,4,,0,62,,7484,21,4,,0,22,,7495,21,4,,0,62,,7496,21,4,,0,22,,7497,21,4,,0,22,,7498,21,4,,0,62,,7499,21,4,,0,22,,7500,21,4,,0,22,,7501,21,4,,0,62,,7502,21,4,,0,23,,7503,21,4,,0,22,,7504,21,4,,0,62,,7505,21,4,,0,22,,7506,21,4,,0,62,,7507,21,4,,0,22,,7508,21,4,,0,22,,7509,21,4,,0,62,,7510,21,4,,0,22,,7485,21,4,,0,21,,7486,21,4,,0,80,,7487,21,4,,0,80,,7488,21,4,,0,40,,7489,21,4,,0,80,,7490,21,4,,0,80,,7491,21,4,,0,40,,7492,21,4,,0,80,,7493,21,4,,0,80,,7494,21,4,,0,40,,7511,21,4,,0
1000,'13301',2533,,7512,21,4,,0,80,,7513,21,4,,0,40,,7514,21,4,,0,80,,7515,21,4,,0
1000,'3',840,,7516,21,4,,0,80,,7517,21,4,,0,80,,7518,21,4,,0,40,,7519,21,4,,0,80,,7520,21,4,,0,80,,7521,21,4,,0,40,,7522,21,4,,0,80,,7523,21,4,,0,80,,7524,21,4,,0,40,,7525,21,4,,0,80,,7526,21,4,,0,80,,7527,21,4,,0,40,,7528,21,4,,0,80,,7529,21,4,,0,80,,7530,21,4,,0,40,,7531,21,4,,0,80,,7532,21,4,,0,80,,7533,21,4,,0,40,,7534,21,4,,0,80,,7535,21,4,,0
1001,'1',606,,7579,1,,,0,22,,7578,1,,,0,24,,7536,1,,,0,62,,7537,1,,,0,22,,7538,1,,,0,22,,7539,1,,,0,62,,7540,1,,,0,22,,7541,1,,,0,62,,7542,1,,,0,22,,7543,1,,,0,22,,7544,1,,,0,62,,7545,1,,,0,22,,7546,1,,,0,22,,7547,1,,,0,62,,7548,1,,,0,22,,7549,1,,,0,62,,7550,1,,,0,22,,7551,1,,,0,22,,7552,1,,,0,62,,7553,1,,,0,22,,7554,1,,,0,22,,7555,1,,,0,62,,7556,1,,,0,22,,7557,1,,,0,22,,7558,1,,,0,62,,7559,1,,,0,22,,7560,1,,,0,62,,7561,1,,,0,22,,7562,1,,,0,22,,7563,1,,,0,62,,7564,1,,,0,22,,7565,1,,,0,22,,7566,1,,,0,62,,7567,1,,,0,22,,7568,1,,,0,20,,7569,1,,,0,80,,7570,1,,,0,80,,7571,1,,,0,40,,7572,1,,,0,80,,7573,1,,,0,80,,7574,1,,,0,40,,7575,1,,,0,80,,7576,1,,,0,80,,7577,1,,,0
1001,'13301',2456,,7580,1,,,0,80,,7581,1,,,0,80,,7582,1,,,0,40,,7583,1,,,0
1001,'3',843,,7584,1,,,0,80,,7585,1,,,0,80,,7586,1,,,0,40,,7587,1,,,0,80,,7588,1,,,0,80,,7589,1,,,0,40,,7590,1,,,0,80,,7591,1,,,0,80,,7592,1,,,0,40,,7593,1,,,0,80,,7594,1,,,0,80,,7595,1,,,0,40,,7596,1,,,0,80,,7597,1,,,0,80,,7598,1,,,0,40,,7599,1,,,0,80,,7600,1,,,0,80,,7601,1,,,0,40,,7602,1,,,0,80,,7603,1,,,0
1800,'1',555,,8365,1,,,0,68,,8366,1,,,0,28,,8367,1,,,0,68,,8368,1,,,0,28,,8369,1,,,0,68,,8370,1,,,0,28,,8371,1,,,0,68,,8372,1,,,0,28,,8373,1,,,0,68,,8374,1,,,0,28,,8375,1,,,0,68,,8376,1,,,0,28,,8377,1,,,0,28,,8378,1,,,0,68,,8379,1,,,0,28,,8380,1,,,0,68,,8381,1,,,0,28,,8382,1,,,0,68,,8383,1,,,0,28,,8384,1,,,0,68,,8385,1,,,0,28,,8386,1,,,0,68,,8387,1,,,0,28,,8388,1,,,0,68,,8389,1,,,0,28,,8390,1,,,0,68,,8391,1,,,0,28,,8392,1,,,0,28,,8398,1,,,0,100,,8393,1,,,0,100,,8394,1,,,0,100,,8395,1,,,0,100,,8396,1,,,0,100,,8397,1,,,0
1800,'13301',2459,,8399,1,,,0,100,,8400,1,,,0,100,,8401,1,,,0
1800,'3',855,,8402,1,,,0,100,,8403,1,,,0,100,,8404,1,,,0,100,,8405,1,,,0,100,,8406,1,,,0,100,,8407,1,,,0,100,,8408,1,,,0,100,,8409,1,,,0,100,,8410,1,,,0,100,,8411,1,,,0,100,,8412,1,,,0,100,,8413,1,,,0,100,,8414,1,,,0
1801,'1',655,,8415,36,4,,0,68,,8416,36,4,,0,28,,8417,36,4,,0,68,,8418,36,4,,0,28,,8419,36,4,,0,68,,8420,36,4,,0,28,,8421,36,4,,0,68,,8422,36,4,,0,28,,8423,36,4,,0,68,,8424,36,4,,0,28,,8425,36,4,,0,68,,8426,36,4,,0,28,,8427,36,4,,0,28,,8428,36,4,,0,68,,8429,36,4,,0,28,,8430,36,4,,0,68,,8431,36,4,,0,28,,8432,36,4,,0,68,,8433,36,4,,0,28,,8434,36,4,,0,68,,8435,36,4,,0,28,,8436,36,4,,0,68,,8437,36,4,,0,28,,8438,36,4,,0,68,,8439,36,4,,0,28,,8440,36,4,,0,66,,8441,36,4,,0,26,,8442,36,4,,0,28,,8447,36,4,,0,100,,8443,36,4,,0,100,,8444,36,4,,0,100,,8445,36,4,,0,100,,8446,36,4,,0,88,,8448,36,4,,0
1801,'13301',2555,,8449,36,4,,0,100,,8450,36,4,,0,100,,8451,36,4,,0
1801,'3',851,,8452,36,4,,0,100,,8453,36,4,,0,100,,8454,36,4,,0,100,,8455,36,4,,0,100,,8456,36,4,,0,100,,8457,36,4,,0,100,,8458,36,4,,0,100,,8459,36,4,,0,100,,8460,36,4,,0,100,,8461,36,4,,0,100,,8462,36,4,,0,100,,8463,36,4,,0,100,,8464,36,4,,0,100,,8465,36,4,,0
8301,'1',700,,10211,1,,,0,28,,10212,1,,,0,28,,10213,1,,,0,68,,10214,1,,,0,28,,10215,1,,,0,68,,10216,1,,,0,28,,10217,1,,,0,68,,10218,1,,,0,28,,10219,1,,,0,68,,10220,1,,,0,28,,10221,1,,,0,68,,10222,1,,,0,28,,10223,1,,,0,68,,10224,1,,,0,28,,10225,1,,,0,68,,10226,1,,,0,28,,10227,1,,,0,28,,10228,1,,,0,68,,10229,1,,,0,28,,10230,1,,,0,68,,10231,1,,,0,28,,10232,1,,,0,68,,10233,1,,,0,28,,10234,1,,,0,68,,10235,1,,,0,28,,10236,1,,,0,68,,10237,1,,,0
8301,'1201',1542,,10238,1,,,0
8301,'12801',1542,,10239,1,,,0
8400,'1',602,,10240,1,,,0,28,,10241,1,,,0,28,,10242,1,,,0,68,,10243,1,,,0,28,,10244,1,,,0,68,,10245,1,,,0,28,,10246,1,,,0,68,,10247,1,,,0,35,,10248,1,,,0,75,,10249,1,,,0,75,,10250,1,,,0,35,,10251,1,,,0,75,,10252,1,,,0,35,,10253,1,,,0,75,,10254,1,,,0,35,,10255,1,,,0,75,,10256,1,,,0,73,,10257,1,,,0,34,,10258,1,,,0,66,,10259,1,,,0,28,,10260,1,,,0,68,,10261,1,,,0,28,,10262,1,,,0,28,,10263,1,,,0,68,,10264,1,,,0,80,,10265,1,,,0,40,,10266,1,,,0,80,,10267,1,,,0,80,,10268,1,,,0,40,,10269,1,,,0,80,,10270,1,,,0,80,,10271,1,,,0,40,,10272,1,,,0,80,,10273,1,,,0
8400,'13301',2455,,10274,1,,,0,80,,10275,1,,,0,80,,10276,1,,,0,40,,10277,1,,,0
8400,'3',900,,10278,1,,,0,40,,10279,1,,,0,80,,10280,1,,,0,80,,10281,1,,,0,40,,10282,1,,,0,80,,10283,1,,,0,80,,10284,1,,,0,40,,10285,1,,,0,80,,10286,1,,,0,80,,10287,1,,,0,40,,10288,1,,,0,80,,10289,1,,,0,80,,10290,1,,,0,40,,10291,1,,,0,80,,10292,1,,,0,80,,10293,1,,,0,40,,10294,1,,,0,80,,10295,1,,,0,80,,10296,1,,,0,40,,10297,1,,,0
8401,'1',551,,10298,17,4,,0,79,,10299,17,4,,0,28,,10300,17,4,,0,73,,10301,17,4,,0,28,,10302,17,4,,0,68,,10303,17,4,,0,28,,10304,17,4,,0,67,,10305,17,4,,0,27,,10306,17,4,,0,75,,10307,17,4,,0,35,,10308,17,4,,0,75,,10309,17,4,,0,75,,10310,17,4,,0,35,,10311,17,4,,0,75,,10312,17,4,,0,35,,10313,17,4,,0,75,,10314,17,4,,0,73,,10315,17,4,,0,37,,10316,17,4,,0,73,,10317,17,4,,0,27,,10318,17,4,,0,68,,10319,17,4,,0,28,,10320,17,4,,0,68,,10321,17,4,,0,28,,10322,17,4,,0,24,,10323,17,4,,0,80,,10324,17,4,,0,80,,10325,17,4,,0,40,,10326,17,4,,0,80,,10327,17,4,,0,80,,10328,17,4,,0,40,,10329,17,4,,0,80,,10330,17,4,,0,80,,10331,17,4,,0
8401,'13301',2455,,10332,17,4,,0,80,,10333,17,4,,0,80,,10334,17,4,,0,40,,10335,17,4,,0,80,,10336,17,4,,0
8401,'3',853,,10337,17,4,,0,80,,10338,17,4,,0,80,,10339,17,4,,0,40,,10340,17,4,,0,80,,10341,17,4,,0,80,,10342,17,4,,0,40,,10343,17,4,,0,80,,10344,17,4,,0,80,,10345,17,4,,0,40,,10346,17,4,,0,80,,10347,17,4,,0,80,,10348,17,4,,0,40,,10349,17,4,,0,80,,10350,17,4,,0,80,,10351,17,4,,0,40,,10352,17,4,,0,80,,10353,17,4,,0,80,,10354,17,4,,0,40,,10355,17,4,,0,80,,10356,17,4,,0
8600,'1',544,,10357,1,,,0,68,,10358,1,,,0,28,,10359,1,,,0,68,,10360,1,,,0,28,,10361,1,,,0,68,,10362,1,,,0,28,,10363,1,,,0,68,,10364,1,,,0,28,,10365,1,,,0,24,,10366,1,,,0,77,,10367,1,,,0,75,,10368,1,,,0,35,,10369,1,,,0,75,,10370,1,,,0,35,,10371,1,,,0,75,,10372,1,,,0,31,,10373,1,,,0,76,,10374,1,,,0,70,,10375,1,,,0,23,,10376,1,,,0,23,,10377,1,,,0,68,,10378,1,,,0,28,,10379,1,,,0,68,,10380,1,,,0,28,,10381,1,,,0,68,,10382,1,,,0,28,,10383,1,,,0,80,,10384,1,,,0,40,,10385,1,,,0,80,,10386,1,,,0,80,,10387,1,,,0,40,,10388,1,,,0,80,,10389,1,,,0,80,,10390,1,,,0,40,,10391,1,,,0
8600,'13301',2435,,10392,1,,,0,80,,10393,1,,,0,40,,10394,1,,,0,80,,10395,1,,,0
8600,'3',855,,10396,1,,,0,80,,10397,1,,,0,80,,10398,1,,,0,40,,10399,1,,,0,80,,10400,1,,,0,80,,10401,1,,,0,40,,10402,1,,,0,80,,10403,1,,,0,80,,10404,1,,,0,40,,10405,1,,,0,80,,10406,1,,,0,80,,10407,1,,,0,40,,10408,1,,,0,80,,10409,1,,,0,80,,10410,1,,,0,40,,10411,1,,,0,80,,10412,1,,,0,80,,10413,1,,,0,40,,10414,1,,,0
8601,'1',622,,10415,21,4,,0,28,,10416,21,4,,0,70,,10417,21,4,,0,28,,10418,21,4,,0,68,,10419,21,4,,0,28,,10420,21,4,,0,68,,10421,21,4,,0,26,,10422,21,4,,0,67,,10423,21,4,,0,23,,10424,21,4,,0,78,,10425,21,4,,0,35,,10426,21,4,,0,75,,10427,21,4,,0,35,,10428,21,4,,0,75,,10429,21,4,,0,75,,10430,21,4,,0,29,,10431,21,4,,0,76,,10432,21,4,,0,34,,10433,21,4,,0,63,,10434,21,4,,0,25,,10435,21,4,,0,28,,10436,21,4,,0,68,,10437,21,4,,0,28,,10438,21,4,,0,68,,10439,21,4,,0,28,,10440,21,4,,0,64,,10441,21,4,,0,38,,10442,21,4,,0,80,,10443,21,4,,0,80,,10444,21,4,,0,40,,10445,21,4,,0,80,,10446,21,4,,0,80,,10447,21,4,,0,40,,10448,21,4,,0,80,,10449,21,4,,0
8601,'13301',2510,,10450,21,4,,0,40,,10451,21,4,,0,80,,10452,21,4,,0,80,,10453,21,4,,0
8601,'3',931,,10454,21,4,,0,80,,10455,21,4,,0,40,,10456,21,4,,0,80,,10457,21,4,,0,80,,10458,21,4,,0,40,,10459,21,4,,0,80,,10460,21,4,,0,80,,10461,21,4,,0,40,,10462,21,4,,0,80,,10463,21,4,,0,80,,10464,21,4,,0,40,,10465,21,4,,0,80,,10466,21,4,,0,80,,10467,21,4,,0,40,,10468,21,4,,0,80,,10469,21,4,,0,80,,10470,21,4,,0,40,,10471,21,4,,0,80,,10472,21,4,,0
8700,'1',654,,10473,1,,,0,68,,10474,1,,,0,28,,10475,1,,,0,68,,10476,1,,,0,28,,10477,1,,,0,68,,10478,1,,,0,28,,10479,1,,,0,68,,10480,1,,,0,27,,10481,1,,,0,71,,10482,1,,,0,35,,10483,1,,,0,75,,10484,1,,,0,35,,10485,1,,,0,75,,10486,1,,,0,75,,10487,1,,,0,30,,10488,1,,,0,73,,10489,1,,,0,30,,10490,1,,,0,68,,10491,1,,,0,28,,10492,1,,,0,68,,10493,1,,,0,28,,10494,1,,,0,28,,10495,1,,,0,68,,10496,1,,,0
8701,'1',722,,10497,14,4,,0,28,,10498,14,4,,0,68,,10499,14,4,,0,28,,10500,14,4,,0,68,,10501,14,4,,0,28,,10502,14,4,,0,68,,10503,14,4,,0,26,,10504,14,4,,0,67,,10505,14,4,,0,33,,10506,14,4,,0,75,,10507,14,4,,0,35,,10508,14,4,,0,75,,10509,14,4,,0,35,,10510,14,4,,0,75,,10511,14,4,,0,70,,10512,14,4,,0,33,,10513,14,4,,0,70,,10514,14,4,,0,28,,10515,14,4,,0,68,,10516,14,4,,0,28,,10517,14,4,,0,28,,10518,14,4,,0,68,,10519,14,4,,0,28,,10520,14,4,,0
33601,'1201',1540,,10564,16,4,,0
35201,'1201',1547,,10570,33,4,,0
122500,'13803',1112,,10610,2,,,0,100,,10611,2,,,0,100,,10612,2,,,0,100,,10613,2,,,0,100,,10614,2,,,0,100,,10615,2,,,0,100,,10616,2,,,0
122501,'13803',1035,,10617,1,,,0,100,,10618,1,,,0,100,,10619,1,,,0,100,,10620,1,,,0,100,,10621,1,,,0,100,,10622,1,,,0,100,,10623,1,,,0,100,,10624,1,,,0
