200,'1',618,,6312,3,,,0,15,,6313,3,,,0,20,,6314,3,,,0,60,,6315,3,,,0,20,,6316,3,,,0,20,,6317,3,,,0,60,,6318,3,,,0,20,,6319,3,,,0,20,,6320,3,,,0,60,,6321,3,,,0,20,,6322,3,,,0,20,,6323,3,,,0,60,,6324,3,,,0,20,,6325,3,,,0,20,,6326,3,,,0,60,,6327,3,,,0,20,,6328,3,,,0,20,,6329,3,,,0,60,,6330,3,,,0,20,,6331,3,,,0,20,,6332,3,,,0,60,,6333,3,,,0,20,,6334,3,,,0,20,,6335,3,,,0,60,,6336,3,,,0,20,,6337,3,,,0,20,,6338,3,,,0,60,,6339,3,,,0,20,,6340,3,,,0,15,,6341,3,,,0,55,,6342,3,,,0,15,,6343,3,,,0,15,,6344,3,,,0,15,,6345,3,,,0,55,,6346,3,,,0,15,,6347,3,,,0,15,,6348,3,,,0,15,,6349,3,,,0,55,,6350,3,,,0,15,,6351,3,,,0,30,,6352,3,,,0,70,,6353,3,,,0,30,,6354,3,,,0,70,,6355,3,,,0,30,,6356,3,,,0,70,,6357,3,,,0,30,,6358,3,,,0,70,,6359,3,,,0,30,,6360,3,,,0,70,,6361,3,,,0,30,,6362,3,,,0,71,,6363,3,,,0
200,'13301',2433,,6364,3,,,0,70,,6365,3,,,0,30,,6366,3,,,0,70,,6367,3,,,0,30,,6368,3,,,0,70,,6369,3,,,0,30,,6370,3,,,0
200,'2',648,,10691,3,,,0,70,,10707,3,,,0,30,,10690,3,,,0,70,,10706,3,,,0,30,,10689,3,,,0,70,,10705,3,,,0,30,,10688,3,,,0,70,,10704,3,,,0,30,,10687,3,,,0,65,,10708,3,,,0,20,,10709,3,,,0,20,,10710,3,,,0,60,,10711,3,,,0,20,,10712,3,,,0,20,,10713,3,,,0,60,,10714,3,,,0,20,,10715,3,,,0,20,,10716,3,,,0,60,,10717,3,,,0,20,,10718,3,,,0,20,,10719,3,,,0,60,,10720,3,,,0,20,,10721,3,,,0,20,,10722,3,,,0,60,,10723,3,,,0,20,,10724,3,,,0,20,,10725,3,,,0,60,,10726,3,,,0,20,,10727,3,,,0,20,,10728,3,,,0,65,,10729,3,,,0,30,,10697,3,,,0,70,,10703,3,,,0,30,,10696,3,,,0,70,,10702,3,,,0,30,,10695,3,,,0,70,,10701,3,,,0,30,,10694,3,,,0,70,,10700,3,,,0,30,,10693,3,,,0,70,,10699,3,,,0,30,,10692,3,,,0,71,,10698,3,,,0
200,'3',848,,6373,3,,,0,70,,6396,3,,,0,30,,6372,3,,,0,70,,6395,3,,,0,30,,6371,3,,,0,70,,6394,3,,,0,30,,6393,3,,,0,70,,6392,3,,,0,30,,6391,3,,,0,70,,6390,3,,,0,30,,6389,3,,,0,70,,6388,3,,,0,30,,6387,3,,,0,70,,6386,3,,,0,30,,6385,3,,,0,70,,6384,3,,,0,30,,6383,3,,,0,70,,6382,3,,,0,30,,6381,3,,,0,70,,6380,3,,,0,30,,6376,3,,,0,70,,6379,3,,,0,30,,6375,3,,,0,70,,6378,3,,,0,30,,6374,3,,,0,71,,6377,3,,,0
800,'1',617,,7100,3,,,0,10,,7104,3,,,0,10,,7108,3,,,0,10,,7111,3,,,0,10,,7114,3,,,0,51,,7101,3,,,0,10,,7105,3,,,0,10,,7109,3,,,0,10,,7112,3,,,0,10,,7115,3,,,0,10,,7102,3,,,0,50,,7106,3,,,0,10,,7110,3,,,0,10,,7113,3,,,0,10,,7116,3,,,0,10,,7103,3,,,0,10,,7107,3,,,0,49,,7117,3,,,0,10,,7125,3,,,0,10,,7132,3,,,0,10,,7139,3,,,0,10,,7146,3,,,0,10,,7118,3,,,0,50,,7126,3,,,0,10,,7133,3,,,0,10,,7140,3,,,0,10,,7147,3,,,0,10,,7119,3,,,0,10,,7127,3,,,0,50,,7134,3,,,0,10,,7141,3,,,0,10,,7148,3,,,0,10,,7120,3,,,0,10,,7128,3,,,0,10,,7135,3,,,0,50,,7142,3,,,0,10,,7149,3,,,0,10,,7121,3,,,0,10,,7129,3,,,0,10,,7136,3,,,0,10,,7143,3,,,0,50,,7150,3,,,0,10,,7122,3,,,0,10,,7130,3,,,0,10,,7137,3,,,0,10,,7144,3,,,0,10,,7151,3,,,0,50,,7123,3,,,0,10,,7131,3,,,0,10,,7138,3,,,0,10,,7145,3,,,0,10,,7152,3,,,0,10,,7124,3,,,0,51,,7153,3,,,0,10,,7157,3,,,0,10,,7161,3,,,0,10,,7165,3,,,0,10,,7168,3,,,0,10,,7154,3,,,0,50,,7158,3,,,0,10,,7162,3,,,0,10,,7166,3,,,0,10,,7169,3,,,0,10,,7155,3,,,0,10,,7159,3,,,0,50,,7163,3,,,0,10,,7167,3,,,0,10,,7170,3,,,0,10,,7156,3,,,0,10,,7160,3,,,0,10,,7164,3,,,0,50,,7171,3,,,0,10,,7172,3,,,0,10,,7173,3,,,0,10,,7174,3,,,0,12,,7175,3,,,0,62,,7176,3,,,0,22,,7177,3,,,0,22,,7178,3,,,0,62,,7179,3,,,0,22,,7180,3,,,0,61,,7181,3,,,0,22,,7182,3,,,0,22,,7183,3,,,0,62,,7184,3,,,0,22,,7185,3,,,0,22,,7186,3,,,0,62,,7187,3,,,0,22,,7188,3,,,0,22,,7189,3,,,0,62,,7190,3,,,0
800,'13301',2441,,7191,3,,,0,62,,7192,3,,,0,22,,7193,3,,,0,22,,7194,3,,,0,62,,7195,3,,,0,22,,7196,3,,,0,22,,7197,3,,,0,62,,7198,3,,,0
800,'2',624,,11094,3,,,0,22,,11095,3,,,0,62,,11096,3,,,0,22,,11097,3,,,0,22,,11098,3,,,0,62,,11099,3,,,0,22,,11100,3,,,0,22,,11101,3,,,0,62,,11102,3,,,0,22,,11103,3,,,0,62,,11104,3,,,0,22,,11105,3,,,0,22,,11106,3,,,0,62,,11107,3,,,0,13,,11108,3,,,0,12,,11109,3,,,0,12,,11110,3,,,0,12,,11111,3,,,0,52,,11112,3,,,0,12,,11113,3,,,0,12,,11114,3,,,0,12,,11115,3,,,0,12,,11116,3,,,0,52,,11117,3,,,0,12,,11118,3,,,0,12,,11119,3,,,0,12,,11120,3,,,0,12,,11121,3,,,0,52,,11122,3,,,0,12,,11123,3,,,0,12,,11124,3,,,0,12,,11125,3,,,0,12,,11126,3,,,0,52,,11127,3,,,0,12,,11128,3,,,0,12,,11129,3,,,0,12,,11130,3,,,0,12,,11131,3,,,0,52,,11132,3,,,0,12,,11133,3,,,0,12,,11134,3,,,0,12,,11135,3,,,0,12,,11136,3,,,0,52,,11137,3,,,0,12,,11138,3,,,0,12,,11139,3,,,0,12,,11140,3,,,0,12,,11141,3,,,0,52,,11142,3,,,0,12,,11143,3,,,0,12,,11144,3,,,0,12,,11145,3,,,0,62,,11146,3,,,0,22,,11147,3,,,0,22,,11148,3,,,0,62,,11149,3,,,0,22,,11150,3,,,0,22,,11151,3,,,0,62,,11152,3,,,0,22,,11153,3,,,0,62,,11154,3,,,0,22,,11155,3,,,0,22,,11156,3,,,0,62,,11157,3,,,0,22,,11158,3,,,0,22,,11159,3,,,0,62,,11160,3,,,0
800,'3',847,,7199,3,,,0,62,,7200,3,,,0,22,,7201,3,,,0,22,,7202,3,,,0,62,,7203,3,,,0,22,,7204,3,,,0,22,,7205,3,,,0,62,,7206,3,,,0,22,,7207,3,,,0,62,,7208,3,,,0,22,,7209,3,,,0,22,,7210,3,,,0,62,,7211,3,,,0,22,,7212,3,,,0,22,,7213,3,,,0,62,,7214,3,,,0,22,,7215,3,,,0,62,,7216,3,,,0,22,,7217,3,,,0,22,,7218,3,,,0,62,,7219,3,,,0,22,,7220,3,,,0,22,,7221,3,,,0,62,,7222,3,,,0,22,,7223,3,,,0,22,,7224,3,,,0,62,,7225,3,,,0,22,,7226,3,,,0,62,,7227,3,,,0,22,,7228,3,,,0,22,,7229,3,,,0,62,,7230,3,,,0,22,,7231,3,,,0,22,,7232,3,,,0,62,,7233,3,,,0
1901,'1',617,,8515,3,,,0,30,,8516,3,,,0,70,,8517,3,,,0,30,,8518,3,,,0,70,,8519,3,,,0,30,,8520,3,,,0,70,,8521,3,,,0,30,,8522,3,,,0,70,,8523,3,,,0,30,,8524,3,,,0,70,,8525,3,,,0,30,,8526,3,,,0,70,,8527,3,,,0,30,,8528,3,,,0,70,,8529,3,,,0,30,,8530,3,,,0,70,,8531,3,,,0,30,,8532,3,,,0,70,,8533,3,,,0,30,,8534,3,,,0,70,,8535,3,,,0,30,,8536,3,,,0,70,,8537,3,,,0,30,,8538,3,,,0,70,,8545,3,,,0,100,,8539,3,,,0,100,,8540,3,,,0,100,,8541,3,,,0,100,,8542,3,,,0,100,,8543,3,,,0,101,,8544,3,0,23 12,0
1901,'13301',2517,,8546,3,,,0,100,,8547,3,,,0,100,,8548,3,,,0
1901,'2',717,,11853,3,,,0,100,,11852,3,,,0,100,,11851,3,,,0,100,,11850,3,,,0,100,,11849,3,,,0,30,,11848,3,,,0,70,,11847,3,,,0,30,,11846,3,,,0,70,,11845,3,,,0,30,,11844,3,,,0,70,,11843,3,,,0,30,,11842,3,,,0,70,,11841,3,,,0,30,,11840,3,,,0,70,,11839,3,,,0,30,,11838,3,,,0,70,,11837,3,,,0,30,,11836,3,,,0,70,,11854,3,,,0,100,,11835,3,,,0,100,,11834,3,,,0,100,,11833,3,,,0,100,,11832,3,,,0,100,,11831,3,,,0,101,,11830,3,0,23 12,0
1901,'3',917,,8561,3,,,0,100,,8560,3,,,0,100,,8559,3,,,0,100,,8558,3,,,0,100,,8557,3,,,0,100,,8556,3,,,0,100,,8555,3,,,0,100,,8554,3,,,0,100,,8553,3,,,0,100,,8562,3,,,0,100,,8552,3,,,0,100,,8551,3,,,0,101,,8550,3,0,23 12,0
