601,'1',1914,,6979,39,4,,0
1401,'1',1644,,7861,34,4,,0,70,,7862,34,4,,0,30,,7863,34,4,,0
1600,'1',625,,7990,1,,,0,32,,7991,1,,,0,72,,7992,1,,,0,72,,7993,1,,,0,32,,7994,1,,,0,72,,7995,1,,,0,32,,7996,1,,,0,72,,7997,1,,,0,32,,7998,1,,,0,72,,7999,1,,,0,32,,8000,1,,,0,72,,8010,1,,,0,32,,8011,1,,,0,72,,8001,1,,,0,32,,8002,1,,,0,72,,8003,1,,,0,32,,8004,1,,,0,72,,8005,1,,,0,72,,8006,1,,,0,32,,8007,1,,,0,72,,8008,1,,,0,32,,8012,1,,,0,72,,8009,1,,,0,32,,8013,1,,,0,75,,8014,1,,,0,100,,8015,1,,,0,100,,8016,1,,,0,100,,8017,1,,,0,100,,8018,1,,,0,100,,8019,1,,,0
1600,'13301',2516,,8020,1,,,0,100,,8021,1,,,0,100,,8022,1,,,0
1600,'2',620,,11583,1,,,0,100,,11584,1,,,0,100,,11585,1,,,0,100,,11586,1,,,0,100,,11587,1,,,0,102,,11588,1,,,0,34,,11589,1,,,0,72,,11590,1,,,0,72,,11591,1,,,0,32,,11592,1,,,0,72,,11593,1,,,0,32,,11594,1,,,0,72,,11595,1,,,0,32,,11596,1,,,0,72,,11597,1,,,0,32,,11598,1,,,0,72,,11599,1,,,0,32,,11600,1,,,0,72,,11601,1,,,0,32,,11602,1,,,0,100,,11603,1,,,0,100,,11604,1,,,0,100,,11605,1,,,0,100,,11606,1,,,0,100,,11607,1,,,0
1600,'3',816,,8036,1,,,0,100,,8023,1,,,0,100,,8024,1,,,0,100,,8025,1,,,0,100,,8026,1,,,0,100,,8027,1,,,0,100,,8028,1,,,0,100,,8029,1,,,0,100,,8030,1,,,0,100,,8031,1,,,0,100,,8032,1,,,0,100,,8033,1,,,0,100,,8034,1,,,0,101,,8035,1,,,0
1601,'1',621,,8062,23,4,,0,32,,8057,23,4,,0,72,,8037,23,4,,0,32,,8038,23,4,,0,72,,8039,23,4,,0,72,,8040,23,4,,0,32,,8041,23,4,,0,72,,8042,23,4,,0,32,,8043,23,4,,0,72,,8044,23,4,,0,32,,8063,23,4,,0,72,,8045,23,4,,0,32,,8046,23,4,,0,72,,8047,23,4,,0,32,,8048,23,4,,0,72,,8049,23,4,,0,32,,8050,23,4,,0,72,,8051,23,4,,0,32,,8052,23,4,,0,72,,8053,23,4,,0,72,,8054,23,4,,0,32,,8064,23,4,,0,72,,8055,23,4,,0,32,,8065,23,4,,0,70,,8056,23,4,,0,103,,8058,23,4,,0,100,,8059,23,4,,0,100,,8060,23,4,,0,100,,8061,23,4,,0,100,,8066,23,4,,0
1601,'13301',2510,,8067,23,4,,0,100,,8068,23,4,,0,100,,8069,23,4,,0
1601,'2',616,,11608,23,4,,0,100,,11609,23,4,,0,100,,11610,23,4,,0,100,,11611,23,4,,0,100,,11612,23,4,,0,100,,11613,23,4,,0,36,,11614,23,4,,0,72,,11615,23,4,,0,32,,11616,23,4,,0,72,,11617,23,4,,0,72,,11618,23,4,,0,32,,11619,23,4,,0,72,,11620,23,4,,0,32,,11621,23,4,,0,72,,11622,23,4,,0,32,,11623,23,4,,0,72,,11624,23,4,,0,32,,11625,23,4,,0,72,,11626,23,4,,0,32,,11627,23,4,,0,100,,11628,23,4,,0,100,,11629,23,4,,0,100,,11630,23,4,,0,100,,11631,23,4,,0,100,,11632,23,4,,0
1601,'3',912,,8070,23,4,,0,100,,8071,23,4,,0,100,,8072,23,4,,0,100,,8073,23,4,,0,100,,8074,23,4,,0,100,,8075,23,4,,0,100,,8076,23,4,,0,100,,8077,23,4,,0,100,,8078,23,4,,0,100,,8079,23,4,,0,100,,8080,23,4,,0,100,,8081,23,4,,0,100,,8082,23,4,,0
2201,'1',658,,8573,43,4,,0,79,,8572,43,4,,0,70,,8574,43,4,,0,30,,8571,43,4,,0,70,,8570,43,4,,0
30501,'1201',1635,,10521,8,4,,0
30501,'12801',1635,,10522,8,4,,0
35800,'1201',837,,10571,1,,,0
