1700,'1',646,,8083,2,0,7,0,60,,8084,2,0,7,0,20,,8085,2,0,7,0,20,,8086,2,0,7,0,60,,8087,2,0,7,0,20,,8088,2,0,7,0,20,,8089,2,0,7,0,60,,8090,2,0,7,0,20,,8117,2,0,7,0,75,,8118,2,0,7,0,35,,8119,2,0,7,0,70,,8120,2,0,7,0,30,,8121,2,0,7,0,70,,8122,2,0,7,0,30,,8123,2,0,7,0,70,,8124,2,0,7,0,30,,8125,2,0,7,0,75,,8126,2,0,7,0,23,,8127,2,0,7,0,20,,8163,2,0,7,0,57,,8091,2,0,7,0,18,,8092,2,0,7,0,20,,8093,2,0,7,0,60,,8094,2,0,7,0,20,,8095,2,0,7,0,20,,8096,2,0,7,0,60,,8097,2,0,7,0,20,,8098,2,0,7,0,20,,8099,2,0,7,0,60,,8139,2,0,7,0,20,,8140,2,0,7,0,29,,8141,2,0,7,0,85,,8144,2,0,7,0,85,,8145,2,0,7,0,85,,8146,2,0,7,0,45,,8147,2,0,7,0,85,,8148,2,0,7,0,85,,8149,2,0,7,0,84,,8165,2,0,7,0
1700,'13301',2458,,8167,2,0,7,0,85,,8168,2,0,7,0,85,,8169,2,0,7,0,85,,8170,2,0,7,0
1700,'2',630,,11633,2,0,7,0,85,,11634,2,0,7,0,85,,11635,2,0,7,0,45,,11636,2,0,7,0,85,,11637,2,0,7,0,85,,11638,2,0,7,0,85,,11639,2,0,7,0,30,,11648,2,0,7,0,70,,11649,2,0,7,0,30,,11650,2,0,7,0,70,,11651,2,0,7,0,30,,11652,2,0,7,0,70,,11653,2,0,7,0,30,,11654,2,0,7,0,70,,11655,2,0,7,0,30,,11656,2,0,7,0,70,,11657,2,0,7,0,30,,11658,2,0,7,0,70,,11659,2,0,7,0,30,,11660,2,0,7,0,70,,11661,2,0,7,0,30,,11662,2,0,7,0,85,,11680,2,0,7,0,85,,11678,2,0,7,0,45,,11682,2,0,7,0,85,,11679,2,0,7,0,85,,11684,2,0,7,0,85,,11681,2,0,7,0,45,,11683,2,0,7,0
1700,'3',845,,8190,2,0,7,0,85,,8191,2,0,7,0,85,,8192,2,0,7,0,85,,8193,2,0,7,0,45,,8194,2,0,7,0,85,,8195,2,0,7,0,85,,8223,2,0,7,0,85,,8196,2,0,7,0,45,,8197,2,0,7,0,85,,8198,2,0,7,0,85,,8199,2,0,7,0,85,,8200,2,0,7,0,45,,8201,2,0,7,0,85,,8202,2,0,7,0,85,,8203,2,0,7,0,85,,8204,2,0,7,0,45,,8205,2,0,7,0
3001,'1',607,,8954,2,,,0,37,,8955,2,,,0,80,,8956,2,,,0,80,,8957,2,,,0,40,,8958,2,,,0,83,,8959,2,,,0,78,,8960,2,,,0,40,,8961,2,,,0,80,,8962,2,,,0,80,,8963,2,,,0,40,,8964,2,,,0,80,,8965,2,,,0,80,,8966,2,,,0,40,,8967,2,,,0,82,,8968,2,,,0,82,,8969,2,,,0,40,,8970,2,,,0,80,,8971,2,,,0,80,,8972,2,,,0,40,,8973,2,,,0,78,,8948,2,,,0,95,,8949,2,,,0,100,,8950,2,,,0,100,,8951,2,,,0,100,,8952,2,,,0,101,,8953,2,,,0
3001,'13301',2523,,8974,2,,,0,100,,8975,2,,,0,100,,8976,2,,,0
3001,'2',632,,12033,2,,,0,97,,12035,2,,,0,100,,12036,2,,,0,100,,12037,2,,,0,100,,12034,2,,,0,82,,12038,2,,,0,40,,12039,2,,,0,80,,12040,2,,,0,80,,12041,2,,,0,40,,12042,2,,,0,80,,12043,2,,,0,80,,12044,2,,,0,40,,12045,2,,,0,80,,12046,2,,,0,80,,12047,2,,,0,40,,12048,2,,,0,79,,12049,2,,,0,99,,12027,2,,,0,100,,12028,2,,,0,100,,12029,2,,,0,100,,12030,2,,,0,100,,12031,2,,,0,93,,12032,2,,,0
3001,'3',828,,8977,2,,,0,100,,8978,2,,,0,100,,8979,2,,,0,100,,8980,2,,,0,100,,8981,2,,,0,100,,8982,2,,,0,100,,8983,2,,,0,100,,8984,2,,,0,100,,8985,2,,,0,100,,8986,2,,,0,100,,8987,2,,,0,100,,8988,2,,,0,100,,8989,2,,,0,100,,8990,2,,,0
3501,'1',548,,9081,2,,,0,80,,9082,2,,,0,73,,9083,2,,,0,43,,9084,2,,,0,80,,9085,2,,,0,80,,9086,2,,,0,40,,9087,2,,,0,83,,9088,2,,,0,80,,9089,2,,,0,40,,9090,2,,,0,80,,9091,2,,,0,80,,9092,2,,,0,40,,9093,2,,,0,80,,9094,2,,,0,80,,9095,2,,,0,43,,9096,2,,,0,80,,9097,2,,,0,80,,9098,2,,,0,40,,9099,2,,,0,80,,9075,2,,,0,77,,9100,2,,,0,45,,9076,2,,,0,100,,9077,2,,,0,100,,9078,2,,,0,100,,9079,2,,,0,100,,9080,2,,,0
3501,'13301',2452,,9101,2,,,0,100,,9102,2,,,0,100,,9103,2,,,0
3501,'2',659,,12110,2,,,0,100,,12111,2,,,0,100,,12112,2,,,0,100,,12113,2,,,0,96,,12114,2,,,0,77,,12099,2,,,0,80,,12100,2,,,0,40,,12101,2,,,0,80,,12102,2,,,0,80,,12103,2,,,0,40,,12104,2,,,0,80,,12105,2,,,0,80,,12106,2,,,0,40,,12107,2,,,0,80,,12108,2,,,0,80,,12109,2,,,0,45,,12093,2,,,0,102,,12094,2,,,0,100,,12095,2,,,0,100,,12096,2,,,0,100,,12097,2,,,0,100,,12098,2,,,0
3501,'3',859,,9104,2,,,0,100,,9105,2,,,0,100,,9106,2,,,0,100,,9107,2,,,0,100,,9108,2,,,0,100,,9109,2,,,0,100,,9110,2,,,0,100,,9111,2,,,0,100,,9112,2,,,0,100,,9113,2,,,0,100,,9114,2,,,0,100,,9115,2,,,0,100,,9116,2,,,0
51401,'1',640,,10574,4,,,0
