1700,'1',648,,8083,3,0,7,0,60,,8084,3,0,7,0,20,,8085,3,0,7,0,20,,8086,3,0,7,0,60,,8087,3,0,7,0,20,,8088,3,0,7,0,20,,8089,3,0,7,0,60,,8090,3,0,7,0,20,,8117,3,0,7,0,74,,8118,3,0,7,0,35,,8119,3,0,7,0,70,,8120,3,0,7,0,30,,8121,3,0,7,0,70,,8122,3,0,7,0,30,,8123,3,0,7,0,70,,8124,3,0,7,0,30,,8125,3,0,7,0,75,,8126,3,0,7,0,23,,8127,3,0,7,0,20,,8163,3,0,7,0,58,,8091,3,0,7,0,18,,8092,3,0,7,0,20,,8093,3,0,7,0,60,,8094,3,0,7,0,20,,8095,3,0,7,0,20,,8096,3,0,7,0,60,,8097,3,0,7,0,20,,8098,3,0,7,0,20,,8099,3,0,7,0,60,,8139,3,0,7,0,20,,8140,3,0,7,0,28,,8141,3,0,7,0,85,,8144,3,0,7,0,85,,8145,3,0,7,0,85,,8146,3,0,7,0,45,,8147,3,0,7,0,85,,8148,3,0,7,0,85,,8149,3,0,7,0,84,,8165,3,0,7,0
1700,'13301',2459,,8167,3,0,7,0,85,,8168,3,0,7,0,85,,8169,3,0,7,0,85,,8170,3,0,7,0
1700,'2',632,,11633,3,0,7,0,85,,11634,3,0,7,0,85,,11635,3,0,7,0,45,,11636,3,0,7,0,85,,11637,3,0,7,0,85,,11638,3,0,7,0,85,,11639,3,0,7,0,30,,11648,3,0,7,0,70,,11649,3,0,7,0,30,,11650,3,0,7,0,70,,11651,3,0,7,0,30,,11652,3,0,7,0,70,,11653,3,0,7,0,30,,11654,3,0,7,0,70,,11655,3,0,7,0,30,,11656,3,0,7,0,70,,11657,3,0,7,0,30,,11658,3,0,7,0,70,,11659,3,0,7,0,30,,11660,3,0,7,0,70,,11661,3,0,7,0,30,,11662,3,0,7,0,85,,11680,3,0,7,0,85,,11678,3,0,7,0,45,,11682,3,0,7,0,85,,11679,3,0,7,0,85,,11684,3,0,7,0,85,,11681,3,0,7,0,45,,11683,3,0,7,0
1700,'3',847,,8190,3,0,7,0,85,,8191,3,0,7,0,85,,8192,3,0,7,0,85,,8193,3,0,7,0,45,,8194,3,0,7,0,85,,8195,3,0,7,0,85,,8223,3,0,7,0,85,,8196,3,0,7,0,45,,8197,3,0,7,0,85,,8198,3,0,7,0,85,,8199,3,0,7,0,85,,8200,3,0,7,0,45,,8201,3,0,7,0,85,,8202,3,0,7,0,85,,8203,3,0,7,0,85,,8204,3,0,7,0,45,,8205,3,0,7,0
3001,'1',609,,8954,3,,,0,37,,8955,3,,,0,80,,8956,3,,,0,80,,8957,3,,,0,40,,8958,3,,,0,83,,8959,3,,,0,78,,8960,3,,,0,40,,8961,3,,,0,80,,8962,3,,,0,80,,8963,3,,,0,40,,8964,3,,,0,80,,8965,3,,,0,80,,8966,3,,,0,40,,8967,3,,,0,82,,8968,3,,,0,82,,8969,3,,,0,40,,8970,3,,,0,80,,8971,3,,,0,80,,8972,3,,,0,40,,8973,3,,,0,78,,8948,3,,,0,95,,8949,3,,,0,100,,8950,3,,,0,100,,8951,3,,,0,100,,8952,3,,,0,101,,8953,3,,,0
3001,'13301',2525,,8974,3,,,0,100,,8975,3,,,0,100,,8976,3,,,0
3001,'2',633,,12033,3,,,0,97,,12035,3,,,0,100,,12036,3,,,0,100,,12037,3,,,0,100,,12034,3,,,0,82,,12038,3,,,0,40,,12039,3,,,0,80,,12040,3,,,0,80,,12041,3,,,0,40,,12042,3,,,0,80,,12043,3,,,0,80,,12044,3,,,0,40,,12045,3,,,0,80,,12046,3,,,0,80,,12047,3,,,0,40,,12048,3,,,0,80,,12049,3,,,0,98,,12027,3,,,0,100,,12028,3,,,0,100,,12029,3,,,0,100,,12030,3,,,0,100,,12031,3,,,0,93,,12032,3,,,0
3001,'3',829,,8977,3,,,0,100,,8978,3,,,0,100,,8979,3,,,0,100,,8980,3,,,0,100,,8981,3,,,0,100,,8982,3,,,0,100,,8983,3,,,0,100,,8984,3,,,0,100,,8985,3,,,0,100,,8986,3,,,0,100,,8987,3,,,0,100,,8988,3,,,0,100,,8989,3,,,0,100,,8990,3,,,0
3501,'1',550,,9081,3,,,0,80,,9082,3,,,0,73,,9083,3,,,0,43,,9084,3,,,0,80,,9085,3,,,0,80,,9086,3,,,0,40,,9087,3,,,0,83,,9088,3,,,0,80,,9089,3,,,0,40,,9090,3,,,0,80,,9091,3,,,0,80,,9092,3,,,0,40,,9093,3,,,0,80,,9094,3,,,0,80,,9095,3,,,0,43,,9096,3,,,0,80,,9097,3,,,0,80,,9098,3,,,0,40,,9099,3,,,0,80,,9075,3,,,0,77,,9100,3,,,0,45,,9076,3,,,0,100,,9077,3,,,0,100,,9078,3,,,0,100,,9079,3,,,0,100,,9080,3,,,0
3501,'13301',2454,,9101,3,,,0,100,,9102,3,,,0,100,,9103,3,,,0
3501,'2',700,,12110,3,,,0,100,,12111,3,,,0,100,,12112,3,,,0,100,,12113,3,,,0,57,,12114,3,,,0,77,,12099,3,,,0,80,,12100,3,,,0,40,,12101,3,,,0,80,,12102,3,,,0,80,,12103,3,,,0,40,,12104,3,,,0,80,,12105,3,,,0,80,,12106,3,,,0,40,,12107,3,,,0,80,,12108,3,,,0,80,,12109,3,,,0,45,,12093,3,,,0,141,,12094,3,,,0,100,,12095,3,,,0,100,,12096,3,,,0,100,,12097,3,,,0,100,,12098,3,,,0
3501,'3',900,,9104,3,,,0,100,,9105,3,,,0,100,,9106,3,,,0,100,,9107,3,,,0,100,,9108,3,,,0,100,,9109,3,,,0,100,,9110,3,,,0,100,,9111,3,,,0,100,,9112,3,,,0,100,,9113,3,,,0,100,,9114,3,,,0,100,,9115,3,,,0,100,,9116,3,,,0
122501,'13802',1117,,12810,4,0,29 2 10 12,0,100,,12811,4,0,29 2 10 12,0,100,,12812,4,0,29 2 10 12,0,100,,12813,4,0,29 2 10 12,0,100,,12814,4,0,29 2 10 12,0,100,,12815,4,0,29 2 10 12,0,100,,12816,4,0,29 2 10 12,0
122501,'13803',1117,,10625,4,0,29 2 10 12,0,100,,10626,4,0,29 2 10 12,0,100,,10627,4,0,29 2 10 12,0,100,,10628,4,0,29 2 10 12,0,100,,10629,4,0,29 2 10 12,0,100,,10630,4,0,29 2 10 12,0,100,,10631,4,0,29 2 10 12,0
