1000,'1',644,,7469,16,,,0,62,,7470,16,,,0,22,,7471,16,,,0,22,,7472,16,,,0,62,,7473,16,,,0,22,,7474,16,,,0,22,,7475,16,,,0,61,,7476,16,,,0,22,,7477,16,,,0,62,,7478,16,,,0,22,,7479,16,,,0,22,,7480,16,,,0,62,,7481,16,,,0,22,,7482,16,,,0,22,,7483,16,,,0,62,,7484,16,,,0,22,,7495,16,,,0,22,,7496,16,,,0,62,,7497,16,,,0,22,,7498,16,,,0,62,,7499,16,,,0,22,,7500,16,,,0,22,,7501,16,,,0,62,,7502,16,,,0,23,,7503,16,,,0,22,,7504,16,,,0,62,,7505,16,,,0,22,,7506,16,,,0,62,,7507,16,,,0,22,,7508,16,,,0,22,,7509,16,,,0,62,,7510,16,,,0,22,,7485,16,,,0,21,,7486,16,,,0,80,,7487,16,,,0,80,,7488,16,,,0,40,,7489,16,,,0,80,,7490,16,,,0,80,,7491,16,,,0,40,,7492,16,,,0,80,,7493,16,,,0,80,,7494,16,,,0,40,,7511,16,,,0
1000,'13301',2529,,7512,16,,,0,80,,7513,16,,,0,40,,7514,16,,,0,80,,7515,16,,,0
1000,'2',643,,11282,16,,,0,80,,11283,16,,,0,80,,11284,16,,,0,40,,11285,16,,,0,80,,11286,16,,,0,80,,11287,16,,,0,40,,11288,16,,,0,80,,11289,16,,,0,25,,11290,16,,,0,60,,11291,16,,,0,22,,11292,16,,,0,22,,11293,16,,,0,62,,11294,16,,,0,22,,11295,16,,,0,22,,11296,16,,,0,62,,11297,16,,,0,22,,11298,16,,,0,62,,11299,16,,,0,22,,11300,16,,,0,22,,11301,16,,,0,62,,11302,16,,,0,22,,11303,16,,,0,22,,11304,16,,,0,62,,11305,16,,,0,22,,11306,16,,,0,62,,11307,16,,,0,20,,11308,16,,,0,22,,11309,16,,,0,78,,11310,16,,,0,80,,11311,16,,,0,40,,11312,16,,,0,80,,11313,16,,,0,80,,11314,16,,,0,40,,11315,16,,,0,80,,11316,16,,,0,80,,11317,16,,,0,40,,11318,16,,,0
1000,'3',836,,7516,16,,,0,80,,7517,16,,,0,40,,7518,16,,,0,80,,7519,16,,,0,80,,7520,16,,,0,40,,7521,16,,,0,80,,7522,16,,,0,80,,7523,16,,,0,40,,7524,16,,,0,80,,7525,16,,,0,80,,7526,16,,,0,40,,7527,16,,,0,80,,7528,16,,,0,80,,7529,16,,,0,40,,7530,16,,,0,80,,7531,16,,,0,80,,7532,16,,,0,40,,7533,16,,,0,80,,7534,16,,,0,80,,7535,16,,,0
1901,'1',639,,8515,33,,,0,70,,8516,33,,,0,30,,8517,33,,,0,70,,8518,33,,,0,30,,8519,33,,,0,70,,8520,33,,,0,30,,8521,33,,,0,70,,8522,33,,,0,30,,8523,33,,,0,70,,8524,33,,,0,30,,8525,33,,,0,70,,8526,33,,,0,30,,8527,33,,,0,70,,8528,33,,,0,30,,8529,33,,,0,70,,8530,33,,,0,30,,8531,33,,,0,70,,8532,33,,,0,30,,8533,33,,,0,70,,8534,33,,,0,30,,8535,33,,,0,70,,8536,33,,,0,30,,8537,33,,,0,70,,8538,33,,,0,30,,8545,33,,,0,100,,8539,33,,,0,100,,8540,33,,,0,100,,8541,33,,,0,100,,8542,33,,,0,100,,8543,33,,,0
1901,'13301',2539,,8546,33,,,0,100,,8547,33,,,0,100,,8548,33,,,0
1901,'2',640,,11829,9,,,0,99,,11853,33,,,0,100,,11852,33,,,0,100,,11851,33,,,0,100,,11850,33,,,0,71,,11828,9,,,0,29,,11849,33,,,0,70,,11848,33,,,0,30,,11847,33,,,0,70,,11846,33,,,0,30,,11845,33,,,0,70,,11844,33,,,0,30,,11843,33,,,0,70,,11842,33,,,0,30,,11841,33,,,0,70,,11840,33,,,0,30,,11839,33,,,0,70,,11838,33,,,0,30,,11837,33,,,0,70,,11836,33,,,0,30,,11854,33,,,0,100,,11835,33,,,0,100,,11834,33,,,0,100,,11833,33,,,0,100,,11832,33,,,0,100,,11831,33,,,0
1901,'3',839,,8549,9,,,0,100,,8561,33,,,0,100,,8560,33,,,0,100,,8559,33,,,0,100,,8558,33,,,0,100,,8557,33,,,0,100,,8556,33,,,0,100,,8555,33,,,0,100,,8554,33,,,0,100,,8553,33,,,0,100,,8562,33,,,0,100,,8552,33,,,0,100,,8551,33,,,0
8300,'1',712,,10210,16,,,0,28,,10184,16,,,0,68,,10185,16,,,0,28,,10186,16,,,0,68,,10187,16,,,0,28,,10188,16,,,0,68,,10189,16,,,0,28,,10190,16,,,0,28,,10191,16,,,0,68,,10192,16,,,0,28,,10193,16,,,0,68,,10194,16,,,0,28,,10195,16,,,0,68,,10196,16,,,0,28,,10197,16,,,0,68,,10198,16,,,0,28,,10199,16,,,0,68,,10200,16,,,0,28,,10201,16,,,0,68,,10202,16,,,0,28,,10203,16,,,0,68,,10204,16,,,0,28,,10205,16,,,0,28,,10206,16,,,0,68,,10207,16,,,0,28,,10208,16,,,0,68,,10209,16,,,0
33601,'1201',1534,,10564,11,,,0
33901,'1201',1534,,10566,4,,,0
34001,'1201',1534,,10568,4,,,0
