1400,'1',620,,7805,21,,,0,30,,7793,21,,,0,70,,7816,21,,,0,30,,7815,21,,,0,70,,7814,21,,,0,30,,7813,21,,,0,70,,7812,21,,,0,100,,7811,21,,,0,100,,7810,21,,,0,100,,7809,21,,,0,100,,7808,21,,,0,100,,7807,21,,,0,100,,7806,21,,,0,100,,7804,21,,,0,15,,7817,10,,,0,15,,7803,21,,,0,70,,7802,21,,,0,30,,7801,21,,,0,70,,7800,21,,,0,100,,7799,21,,,0,100,,7798,21,,,0,100,,7797,21,,,0,100,,7796,21,,,0,100,,7795,21,,,0,96,,7794,21,,,0
1400,'1201',1550,,7818,21,,,0,55,,7819,10,,,0,100,,7820,10,,,0
1400,'12801',1550,,7822,21,,,0,55,,7821,10,,,0,100,,7823,10,,,0
1400,'2',620,,11468,21,,,0,100,,11477,21,,,0,100,,11476,21,,,0,100,,11475,21,,,0,100,,11474,21,,,0,100,,11473,21,,,0,100,,11472,21,,,0,100,,11471,21,,,0,100,,11470,21,,,0,100,,11469,21,,,0,100,,11467,21,,,0,100,,11466,21,,,0,100,,11465,21,,,0,100,,11464,21,,,0,100,,11463,21,,,0,100,,11462,21,,,0,100,,11461,21,,,0,100,,11460,21,,,0,96,,11459,21,,,0
1400,'3',920,,7836,21,,,0,100,,7835,21,,,0,100,,7834,21,,,0,100,,7833,21,,,0,100,,7832,21,,,0,100,,7831,21,,,0,100,,7830,21,,,0,100,,7829,21,,,0,100,,7828,21,,,0,100,,7827,21,,,0,100,,7826,21,,,0,100,,7825,21,,,0,96,,7824,21,,,0
2501,'1',718,,8591,12,0,8 9 10,0,30,,8590,12,0,8 9 10,0,70,,8589,12,0,8 9 10,0,30,,8588,12,0,8 9 10,0,793,,8587,12,0,8 9 10,0,70,,8586,12,0,8 9 10,0,30,,8585,12,0,8 9 10,0,70,,8584,12,0,8 9 10,0
2501,'1201',1611,,8592,12,0,8 9 10,0
2501,'12801',1611,,8593,12,0,8 9 10,0
51400,'1',643,,10573,6,,,0
51401,'1',642,,10574,5,,,0
