5501,'1',547,,9638,4,,,0,70,,9637,4,,,0,30,,9608,4,,,0,70,,9609,4,,,0,30,,9610,4,,,0,70,,9611,4,,,0,30,,9612,4,,,0,70,,9613,4,,,0,30,,9614,4,,,0,70,,9615,4,,,0,30,,9616,4,,,0,70,,9617,4,,,0,30,,9618,4,,,0,70,,9619,4,,,0,30,,9620,4,,,0,70,,9621,4,,,0,30,,9622,4,,,0,70,,9623,4,,,0,30,,9624,4,,,0,70,,9625,4,,,0,30,,9626,4,,,0,70,,9627,4,,,0,30,,9628,4,,,0,70,,9629,4,,,0,30,,9630,4,,,0,70,,9631,4,,,0,30,,9639,4,,,0,80,,9632,4,,,0,100,,9633,4,,,0,100,,9634,4,,,0,100,,9635,4,,,0,100,,9636,4,,,0
5501,'13301',2527,,9640,4,,,0,100,,9641,4,,,0,100,,9642,4,,,0
5501,'3',937,,9643,4,,,0,100,,9644,4,,,0,100,,9645,4,,,0,100,,9646,4,,,0,100,,9647,4,,,0,100,,9648,4,,,0,100,,9649,4,,,0,100,,9650,4,,,0,100,,9651,4,,,0,100,,9652,4,,,0,100,,9653,4,,,0,100,,9654,4,,,0,94,,9655,4,,,0
8401,'1',539,,10298,2,,,0,79,,10299,2,,,0,28,,10300,2,,,0,68,,10301,2,,,0,28,,10302,2,,,0,68,,10303,2,,,0,28,,10304,2,,,0,68,,10305,2,,,0,27,,10306,2,,,0,75,,10307,2,,,0,35,,10308,2,,,0,75,,10309,2,,,0,35,,10310,2,,,0,75,,10311,2,,,0,75,,10312,2,,,0,35,,10313,2,,,0,75,,10314,2,,,0,33,,10315,2,,,0,75,,10316,2,,,0,33,,10317,2,,,0,67,,10318,2,,,0,28,,10319,2,,,0,68,,10320,2,,,0,28,,10321,2,,,0,68,,10322,2,,,0,28,,10323,2,,,0,80,,10324,2,,,0,80,,10325,2,,,0,40,,10326,2,,,0,80,,10327,2,,,0,80,,10328,2,,,0,40,,10329,2,,,0,80,,10330,2,,,0,80,,10331,2,,,0
8401,'13301',2441,,10332,2,,,0,80,,10333,2,,,0,80,,10334,2,,,0,40,,10335,2,,,0,80,,10336,2,,,0
8401,'3',839,,10337,2,,,0,80,,10338,2,,,0,40,,10339,2,,,0,80,,10340,2,,,0,80,,10341,2,,,0,40,,10342,2,,,0,80,,10343,2,,,0,80,,10344,2,,,0,40,,10345,2,,,0,80,,10346,2,,,0,80,,10347,2,,,0,40,,10348,2,,,0,80,,10349,2,,,0,80,,10350,2,,,0,40,,10351,2,,,0,80,,10352,2,,,0,80,,10353,2,,,0,40,,10354,2,,,0,80,,10355,2,,,0,80,,10356,2,,,0
8600,'1',552,,10357,14,,,0,68,,10358,14,,,0,28,,10359,14,,,0,68,,10360,14,,,0,28,,10361,14,,,0,68,,10362,14,,,0,28,,10363,14,,,0,68,,10364,14,,,0,28,,10365,14,,,0,64,,10366,14,,,0,37,,10367,14,,,0,75,,10368,14,,,0,35,,10369,14,,,0,75,,10370,14,,,0,35,,10371,14,,,0,75,,10372,14,,,0,71,,10373,14,,,0,36,,10374,14,,,0,70,,10375,14,,,0,23,,10376,14,,,0,23,,10377,14,,,0,68,,10378,14,,,0,28,,10379,14,,,0,68,,10380,14,,,0,28,,10381,14,,,0,68,,10382,14,,,0,28,,10383,14,,,0,80,,10384,14,,,0,80,,10385,14,,,0,40,,10386,14,,,0,80,,10387,14,,,0,80,,10388,14,,,0,40,,10389,14,,,0,80,,10390,14,,,0,80,,10391,14,,,0
8600,'13301',2443,,10392,14,,,0,80,,10393,14,,,0,80,,10394,14,,,0,40,,10395,14,,,0
8600,'3',901,,10396,14,,,0,40,,10397,14,,,0,80,,10398,14,,,0,80,,10399,14,,,0,40,,10400,14,,,0,80,,10401,14,,,0,80,,10402,14,,,0,40,,10403,14,,,0,80,,10404,14,,,0,80,,10405,14,,,0,40,,10406,14,,,0,80,,10407,14,,,0,80,,10408,14,,,0,40,,10409,14,,,0,80,,10410,14,,,0,80,,10411,14,,,0,40,,10412,14,,,0,80,,10413,14,,,0,80,,10414,14,,,0
33900,'1201',808,,10565,7,,,0
