1701,'1',627,,8266,3,,,0,20,,8267,3,,,0,60,,8268,3,,,0,20,,8269,3,,,0,20,,8270,3,,,0,60,,8271,3,,,0,20,,8272,3,,,0,20,,8273,3,,,0,60,,8274,3,,,0,20,,8275,3,,,0,18,,8276,3,,,0,75,,8292,3,,,0,25,,8277,3,,,0,70,,8278,3,,,0,35,,8279,3,,,0,70,,8280,3,,,0,30,,8281,3,,,0,70,,8293,3,,,0,30,,8294,3,,,0,70,,8295,3,,,0,30,,8296,3,,,0,58,,8297,3,,,0,22,,8298,3,,,0,20,,8300,3,,,0,60,,8299,3,,,0,20,,8301,3,,,0,20,,8302,3,,,0,60,,8303,3,,,0,20,,8304,3,,,0,20,,8305,3,,,0,60,,8306,3,,,0,20,,8283,3,,,0,20,,8284,3,,,0,76,,8285,3,,,0,85,,8286,3,,,0,45,,8287,3,,,0,85,,8288,3,,,0,85,,8289,3,,,0,85,,8290,3,,,0,45,,8291,3,,,0
1701,'13301',2526,,8311,3,,,0,85,,8312,3,,,0,45,,8313,3,,,0,85,,8314,3,,,0
1701,'2',659,,11722,3,,,0,85,,11723,3,,,0,85,,11724,3,,,0,85,,11725,3,,,0,45,,11726,3,,,0,85,,11727,3,,,0,85,,11728,3,,,0,85,,11729,3,,,0,30,,11730,3,,,0,70,,11746,3,,,0,30,,11731,3,,,0,70,,11732,3,,,0,30,,11747,3,,,0,70,,11733,3,,,0,30,,11734,3,,,0,70,,11748,3,,,0,30,,11735,3,,,0,70,,11736,3,,,0,30,,11749,3,,,0,70,,11737,3,,,0,30,,11738,3,,,0,70,,11750,3,,,0,30,,11739,3,,,0,85,,11740,3,,,0,85,,11741,3,,,0,45,,11742,3,,,0,85,,11743,3,,,0,85,,11744,3,,,0,85,,11745,3,,,0
1701,'3',914,,8348,3,,,0,45,,8349,3,,,0,85,,8350,3,,,0,85,,8351,3,,,0,85,,8352,3,,,0,45,,8353,3,,,0,85,,8354,3,,,0,85,,8355,3,,,0,85,,8356,3,,,0,45,,8357,3,,,0,85,,8358,3,,,0,85,,8359,3,,,0,85,,8360,3,,,0,45,,8361,3,,,0,85,,8362,3,,,0,85,,8363,3,,,0,85,,8364,3,,,0
4300,'1',625,,9119,12,,,0,30,,9120,12,,,0,68,,9121,12,,,0,30,,9122,12,,,0,70,,9123,12,,,0,30,,9124,12,,,0,69,,9125,12,,,0,28,,9126,12,,,0,70,,9127,12,,,0,30,,9128,12,,,0,70,,9129,12,,,0,30,,9130,12,,,0,70,,9131,12,,,0,30,,9132,12,,,0,70,,9133,12,,,0,30,,9134,12,,,0,70,,9135,12,,,0,30,,9136,12,,,0,68,,9137,12,,,0,30,,9138,12,,,0,70,,9139,12,,,0,30,,9140,12,,,0,70,,9141,12,,,0,30,,9142,12,,,0,70,,9143,12,,,0,26,,9144,12,,,0,70,,9145,12,,,0,100,,9146,12,,,0,100,,9147,12,,,0,100,,9148,12,,,0,100,,9149,12,,,0,100,,9150,12,,,0
4300,'13301',2514,,9151,12,,,0,100,,9152,12,,,0,100,,9153,12,,,0
4300,'2',644,,12115,12,,,0,100,,12116,12,,,0,100,,12117,12,,,0,100,,12118,12,,,0,100,,12119,12,,,0,70,,12133,12,,,0,30,,12120,12,,,0,70,,12134,12,,,0,30,,12121,12,,,0,70,,12135,12,,,0,30,,12122,12,,,0,70,,12136,12,,,0,30,,12123,12,,,0,70,,12137,12,,,0,30,,12124,12,,,0,70,,12138,12,,,0,30,,12125,12,,,0,70,,12139,12,,,0,30,,12126,12,,,0,70,,12140,12,,,0,30,,12127,12,,,0,100,,12128,12,,,0,100,,12129,12,,,0,100,,12130,12,,,0,100,,12131,12,,,0,100,,12132,12,,,0
4300,'3',844,,9154,12,,,0,100,,9155,12,,,0,100,,9156,12,,,0,100,,9157,12,,,0,100,,9158,12,,,0,100,,9159,12,,,0,100,,9160,12,,,0,100,,9161,12,,,0,100,,9162,12,,,0,100,,9163,12,,,0,100,,9164,12,,,0,100,,9165,12,,,0,100,,9166,12,,,0,100,,9167,12,,,0
4400,'1',632,,9221,12,,,0,70,,9222,12,,,0,28,,9223,12,,,0,70,,9224,12,,,0,30,,9225,12,,,0,70,,9226,12,,,0,29,,9227,12,,,0,29,,9228,12,,,0,70,,9229,12,,,0,30,,9230,12,,,0,70,,9231,12,,,0,30,,9232,12,,,0,70,,9233,12,,,0,30,,9234,12,,,0,70,,9235,12,,,0,30,,9236,12,,,0,70,,9237,12,,,0,30,,9238,12,,,0,68,,9239,12,,,0,30,,9240,12,,,0,70,,9241,12,,,0,30,,9242,12,,,0,70,,9243,12,,,0,30,,9244,12,,,0,98,,9245,12,,,0,100,,9246,12,,,0,100,,9247,12,,,0,100,,9248,12,,,0,100,,9249,12,,,0,101,,9250,12,,,0
4400,'13301',2454,,9251,12,,,0,100,,9252,12,,,0,100,,9253,12,,,0
4400,'2',724,,12176,12,,,0,100,,12175,12,,,0,100,,12174,12,,,0,100,,12173,12,,,0,100,,12178,12,,,0,30,,12179,12,,,0,70,,12180,12,,,0,30,,12181,12,,,0,70,,12182,12,,,0,30,,12183,12,,,0,70,,12184,12,,,0,30,,12185,12,,,0,70,,12186,12,,,0,30,,12187,12,,,0,70,,12188,12,,,0,30,,12189,12,,,0,70,,12190,12,,,0,30,,12191,12,,,0,70,,12192,12,,,0,30,,12193,12,,,0,70,,12172,12,,,0,100,,12171,12,,,0,100,,12170,12,,,0,100,,12169,12,,,0,100,,12168,12,,,0,100,,12167,12,,,0
4400,'3',924,,9266,12,,,0,100,,9265,12,,,0,100,,9261,12,,,0,100,,9260,12,,,0,100,,9259,12,,,0,100,,9258,12,,,0,100,,9257,12,,,0,100,,9256,12,,,0,100,,9255,12,,,0,100,,9254,12,,,0,100,,9264,12,,,0,100,,9263,12,,,0,100,,9262,12,,,0
4500,'1',610,,9318,12,,,0,29,,9319,12,,,0,68,,9320,12,,,0,30,,9321,12,,,0,70,,9322,12,,,0,30,,9323,12,,,0,70,,9324,12,,,0,30,,9325,12,,,0,70,,9326,12,,,0,30,,9327,12,,,0,70,,9328,12,,,0,30,,9329,12,,,0,70,,9330,12,,,0,30,,9331,12,,,0,70,,9332,12,,,0,30,,9333,12,,,0,70,,9334,12,,,0,30,,9335,12,,,0,70,,9336,12,,,0,27,,9337,12,,,0,70,,9338,12,,,0,30,,9339,12,,,0,70,,9340,12,,,0,30,,9341,12,,,0,93,,9342,12,,,0,107,,9343,12,,,0,100,,9344,12,,,0,100,,9345,12,,,0,100,,9346,12,,,0,100,,9347,12,,,0
4500,'13301',2434,,9348,12,,,0,100,,9349,12,,,0,100,,9350,12,,,0
4500,'2',704,,12230,12,,,0,100,,12229,12,,,0,100,,12228,12,,,0,100,,12227,12,,,0,100,,12221,12,,,0,30,,12232,12,,,0,70,,12233,12,,,0,30,,12234,12,,,0,70,,12235,12,,,0,30,,12236,12,,,0,70,,12237,12,,,0,30,,12238,12,,,0,70,,12239,12,,,0,30,,12240,12,,,0,70,,12241,12,,,0,30,,12242,12,,,0,70,,12243,12,,,0,30,,12244,12,,,0,70,,12245,12,,,0,30,,12246,12,,,0,70,,12247,12,,,0,100,,12226,12,,,0,100,,12225,12,,,0,100,,12224,12,,,0,100,,12223,12,,,0,100,,12222,12,,,0
4500,'3',904,,9363,12,,,0,100,,9362,12,,,0,100,,9351,12,,,0,100,,9361,12,,,0,100,,9360,12,,,0,100,,9359,12,,,0,100,,9358,12,,,0,100,,9357,12,,,0,100,,9356,12,,,0,100,,9355,12,,,0,100,,9354,12,,,0,101,,9353,12,,,0,99,,9352,12,,,0
4600,'1',617,,9412,12,,,0,29,,9413,12,,,0,68,,9414,12,,,0,30,,9415,12,,,0,70,,9416,12,,,0,30,,9417,12,,,0,71,,9418,12,,,0,30,,9419,12,,,0,70,,9420,12,,,0,30,,9421,12,,,0,70,,9422,12,,,0,30,,9423,12,,,0,70,,9424,12,,,0,30,,9425,12,,,0,70,,9426,12,,,0,30,,9427,12,,,0,70,,9428,12,,,0,29,,9429,12,,,0,66,,9430,12,,,0,30,,9431,12,,,0,70,,9432,12,,,0,30,,9433,12,,,0,70,,9434,12,,,0,30,,9435,12,,,0,70,,9436,12,,,0
