1200,'1',641,,7698,41,,,0,70,,7699,41,,,0,30,,7700,41,,,0,70,,7701,41,,,0,30,,7702,41,,,0,70,,7703,41,,,0,30,,7704,41,,,0,70,,7705,41,,,0,30,,7706,41,,,0,70,,7707,41,,,0,30,,7708,41,,,0,70,,7709,41,,,0,30,,7710,41,,,0,70,,7711,41,,,0,30,,7712,41,,,0,70,,7713,41,,,0,30,,7714,41,,,0,70,,7715,41,,,0,30,,7716,41,,,0,70,,7717,41,,,0,30,,7718,41,,,0,70,,7719,41,,,0,30,,7720,41,,,0,70,,7721,41,,,0,30,,7722,41,,,0,100,,7723,41,,,0,100,,7724,41,,,0,100,,7725,41,,,0,100,,7726,41,,,0,100,,7727,41,,,0,97,,7728,41,,,0
1200,'13301',2537,,7729,41,,,0,100,,7730,41,,,0,100,,7731,41,,,0
1200,'2',641,,11407,41,,,0,100,,11408,41,,,0,100,,11409,41,,,0,100,,11410,41,,,0,100,,11411,41,,,0,100,,11412,41,,,0,70,,11413,41,,,0,30,,11414,41,,,0,70,,11415,41,,,0,30,,11416,41,,,0,70,,11417,41,,,0,30,,11418,41,,,0,70,,11419,41,,,0,30,,11420,41,,,0,70,,11421,41,,,0,30,,11422,41,,,0,70,,11423,41,,,0,30,,11424,41,,,0,70,,11425,41,,,0,30,,11426,41,,,0,100,,11427,41,,,0,100,,11428,41,,,0,100,,11429,41,,,0,100,,11430,41,,,0,100,,11431,41,,,0,97,,11432,41,,,0
1200,'3',941,,7732,41,,,0,100,,7733,41,,,0,100,,7734,41,,,0,100,,7735,41,,,0,100,,7736,41,,,0,100,,7737,41,,,0,100,,7738,41,,,0,100,,7739,41,,,0,100,,7740,41,,,0,100,,7741,41,,,0,100,,7742,41,,,0,100,,7743,41,,,0,97,,7744,41,,,0
3000,'1',604,,8876,25,,,0,37,,8878,25,,,0,78,,8880,25,,,0,82,,8898,25,,,0,40,,8899,25,,,0,80,,8900,25,,,0,82,,8901,25,,,0,40,,8902,25,,,0,80,,8903,25,,,0,80,,8904,25,,,0,40,,8905,25,,,0,80,,8906,25,,,0,80,,8907,25,,,0,40,,8908,25,,,0,81,,8909,25,,,0,82,,8910,25,,,0,40,,8911,25,,,0,80,,8912,25,,,0,80,,8913,25,,,0,40,,8914,25,,,0,79,,8864,25,,,0,93,,8865,25,,,0,100,,8866,25,,,0,100,,8867,25,,,0,100,,8868,25,,,0,101,,8869,25,,,0
3000,'13301',2519,,8915,25,,,0,100,,8916,25,,,0,100,,8917,25,,,0
3000,'2',631,,11994,25,,,0,94,,11996,25,,,0,100,,12012,25,,,0,100,,12013,25,,,0,100,,12014,25,,,0,103,,12015,25,,,0,80,,12016,25,,,0,40,,12017,25,,,0,80,,12018,25,,,0,80,,12019,25,,,0,40,,12020,25,,,0,80,,12021,25,,,0,80,,12022,25,,,0,40,,12023,25,,,0,80,,12024,25,,,0,80,,12025,25,,,0,40,,12026,25,,,0,78,,11982,25,,,0,100,,11983,25,,,0,100,,11984,25,,,0,100,,11985,25,,,0,100,,11986,25,,,0,94,,11987,25,,,0
3000,'3',823,,8921,25,,,0,100,,8922,25,,,0,100,,8923,25,,,0,100,,8924,25,,,0,100,,8925,25,,,0,100,,8926,25,,,0,100,,8927,25,,,0,100,,8928,25,,,0,100,,8929,25,,,0,100,,8930,25,,,0,100,,8931,25,,,0,100,,8932,25,,,0,100,,8933,25,,,0,100,,8947,25,,,0
3500,'1',546,,9003,25,,,0,80,,9004,25,,,0,33,,9005,25,,,0,82,,9006,25,,,0,80,,9007,25,,,0,80,,9008,25,,,0,40,,9009,25,,,0,83,,9010,25,,,0,80,,9011,25,,,0,40,,9012,25,,,0,80,,9013,25,,,0,80,,9014,25,,,0,40,,9015,25,,,0,80,,9016,25,,,0,80,,9017,25,,,0,43,,9018,25,,,0,80,,9019,25,,,0,80,,9020,25,,,0,40,,9021,25,,,0,80,,9022,25,,,0,78,,9042,25,,,0,43,,8991,25,,,0,100,,8992,25,,,0,100,,8993,25,,,0,100,,8994,25,,,0,100,,8995,25,,,0,101,,9002,25,,,0
3500,'13301',2549,,9046,25,,,0,100,,9047,25,,,0
3500,'2',653,,12062,25,,,0,100,,12063,25,,,0,100,,12064,25,,,0,100,,12065,25,,,0,100,,12066,25,,,0,95,,12067,25,,,0,80,,12068,25,,,0,80,,12069,25,,,0,40,,12070,25,,,0,80,,12071,25,,,0,80,,12072,25,,,0,40,,12073,25,,,0,80,,12074,25,,,0,80,,12075,25,,,0,40,,12076,25,,,0,80,,12077,25,,,0,125,,12050,25,,,0,100,,12051,25,,,0,100,,12052,25,,,0,100,,12053,25,,,0,100,,12054,25,,,0,93,,12061,25,,,0
3500,'3',853,,9048,25,,,0,100,,9049,25,,,0,100,,9050,25,,,0,100,,9051,25,,,0,100,,9052,25,,,0,100,,9053,25,,,0,100,,9054,25,,,0,100,,9055,25,,,0,100,,9056,25,,,0,100,,9057,25,,,0,100,,9058,25,,,0,100,,9069,25,,,0,100,,9070,25,,,0,93,,9074,25,,,0
