300,'1',647,,6493,3,,,0,70,,6494,3,,,0,30,,6495,3,,,0,70,,6496,3,,,0,30,,6497,3,,,0,70,,6498,3,,,0,30,,6499,3,,,0,70,,6500,3,,,0,30,,6501,3,,,0,70,,6502,3,,,0,30,,6503,3,,,0,70,,6504,3,,,0,30,,6505,3,,,0,70,,6506,3,,,0,30,,6507,3,,,0,70,,6508,3,,,0,30,,6509,3,,,0,70,,6510,3,,,0,30,,6511,3,,,0,70,,6492,3,,,0,30,,6491,3,,,0,70,,6490,3,,,0,30,,6482,3,,,0,70,,6483,3,,,0,30,,6484,3,,,0,100,,6485,3,,,0,100,,6486,3,,,0,100,,6487,3,,,0,100,,6488,3,,,0,101,,6489,3,,,0
300,'13301',2447,,6514,3,,,0,100,,6515,3,,,0,100,,6516,3,,,0
300,'2',647,,10799,3,,,0,100,,10798,3,,,0,100,,10797,3,,,0,100,,10796,3,,,0,100,,10795,3,,,0,70,,10794,3,,,0,30,,10793,3,,,0,70,,10792,3,,,0,30,,10791,3,,,0,70,,10790,3,,,0,30,,10789,3,,,0,70,,10788,3,,,0,30,,10787,3,,,0,70,,10786,3,,,0,30,,10785,3,,,0,70,,10784,3,,,0,30,,10783,3,,,0,70,,10782,3,,,0,30,,10781,3,,,0,70,,10780,3,,,0,30,,10779,3,,,0,100,,10778,3,,,0,100,,10777,3,,,0,100,,10776,3,,,0,100,,10775,3,,,0,101,,10774,3,,,0
300,'3',847,,6529,3,,,0,100,,6528,3,,,0,100,,6527,3,,,0,100,,6526,3,,,0,100,,6525,3,,,0,100,,6524,3,,,0,100,,6523,3,,,0,100,,6522,3,,,0,100,,6521,3,,,0,100,,6520,3,,,0,100,,6519,3,,,0,100,,6518,3,,,0,100,,6517,3,,,0
6001,'1',617,,9708,4,,,0,30,,9732,4,,,0,63,,9740,4,,,0,7,,9731,4,,,0,23,,9741,4,,,0,7,,9730,4,,,0,63,,9742,4,,,0,7,,9729,4,,,0,30,,9728,4,,,0,70,,9727,4,,,0,30,,9726,4,,,0,70,,9725,4,,,0,30,,9724,4,,,0,70,,9723,4,,,0,30,,9722,4,,,0,70,,9721,4,,,0,30,,9720,4,,,0,70,,9719,4,,,0,30,,9718,4,,,0,70,,9717,4,,,0,30,,9716,4,,,0,70,,9715,4,,,0,30,,9714,4,,,0,70,,9713,4,,,0,23,,9743,5,,,0,7,,9712,4,,,0,8,,9744,5,,,0,62,,9738,4,,,0,30,,9739,4,,,0,70,,9711,4,,,0,100,,9710,4,,,0,100,,9733,4,,,0,100,,9734,4,,,0,100,,9735,4,,,0,100,,9736,4,,,0,101,,9737,4,,,0
6001,'1201',1555,,9746,5,,,0,55,,9745,5,,,0
6001,'12801',1555,,9747,5,,,0,55,,9748,5,,,0
6001,'13301',2517,,9749,4,,,0,100,,9750,4,,,0,100,,9751,4,,,0
6001,'2',717,,12418,4,,,0,100,,12410,4,,,0,100,,12409,4,,,0,100,,12408,4,,,0,100,,12407,4,,,0,30,,12406,4,,,0,70,,12405,4,,,0,30,,12404,4,,,0,70,,12403,4,,,0,30,,12402,4,,,0,70,,12401,4,,,0,30,,12400,4,,,0,70,,12399,4,,,0,30,,12398,4,,,0,70,,12397,4,,,0,30,,12396,4,,,0,70,,12416,4,,,0,30,,12417,4,,,0,70,,12395,4,,,0,100,,12394,4,,,0,100,,12411,4,,,0,100,,12412,4,,,0,100,,12413,4,,,0,100,,12414,4,,,0,101,,12415,4,,,0
6001,'3',917,,9762,4,,,0,100,,9761,4,,,0,100,,9760,4,,,0,100,,9759,4,,,0,100,,9758,4,,,0,100,,9757,4,,,0,100,,9756,4,,,0,100,,9755,4,,,0,100,,9765,4,,,0,100,,9754,4,,,0,100,,9753,4,,,0,100,,9763,4,,,0,101,,9764,4,,,0
6501,'1',632,,10167,4,,,0,70,,10166,4,,,0,30,,10165,4,,,0,70,,10164,4,,,0,30,,10163,4,,,0,70,,10162,4,,,0,30,,10161,4,,,0,70,,10160,4,,,0,30,,10159,4,,,0,70,,10158,4,,,0,30,,10157,4,,,0,70,,10156,4,,,0,30,,10155,4,,,0,70,,10154,4,,,0,30,,10153,4,,,0,70,,10152,4,,,0,30,,10151,4,,,0,70,,10150,4,,,0,30,,10149,4,,,0,70,,10148,4,,,0,30,,10147,4,,,0,70,,10146,4,,,0,30,,10145,4,,,0,70,,10144,4,,,0,30,,10143,4,,,0,15,,10135,4,,,0,100,,10142,4,,,0,100,,10141,4,,,0,100,,10140,4,,,0,100,,10139,4,,,0,101,,10138,4,,,0
6501,'13301',2447,,10168,4,,,0,100,,10169,4,,,0,100,,10170,4,,,0
6501,'2',647,,12638,4,,,0,100,,12637,4,,,0,100,,12636,4,,,0,100,,12635,4,,,0,100,,12634,4,,,0,55,,12633,4,,,0,30,,12632,4,,,0,70,,12631,4,,,0,30,,12630,4,,,0,70,,12629,4,,,0,30,,12628,4,,,0,70,,12627,4,,,0,30,,12626,4,,,0,70,,12625,4,,,0,30,,12624,4,,,0,70,,12623,4,,,0,30,,12622,4,,,0,70,,12621,4,,,0,30,,12620,4,,,0,70,,12619,4,,,0,30,,12618,4,,,0,15,,12610,4,,,0,100,,12617,4,,,0,100,,12616,4,,,0,100,,12615,4,,,0,100,,12614,4,,,0,101,,12613,4,,,0
6501,'3',847,,10176,4,,,0,100,,10175,4,,,0,100,,10174,4,,,0,100,,10177,4,,,0,100,,10178,4,,,0,100,,10179,4,,,0,100,,10180,4,,,0,100,,10181,4,,,0,100,,10182,4,,,0,100,,10183,4,,,0,100,,10171,4,,,0,100,,10173,4,,,0,101,,10172,4,,,0
