5000,'1',555,,9493,1,,,0,70,,9494,1,,,0,30,7,9463,12,,,0,70,7,9464,12,,,0,30,7,9465,12,,,0,70,7,9466,12,,,0,30,7,9467,12,,,0,70,7,9468,12,,,0,30,7,9469,12,,,0,70,7,9470,12,,,0,30,7,9471,12,,,0,70,7,9472,12,,,0,30,7,9473,12,,,0,70,7,9474,12,,,0,30,7,9475,12,,,0,70,7,9476,12,,,0,30,7,9477,12,,,0,70,7,9478,12,,,0,30,7,9479,12,,,0,66,1,9480,12,,,0,30,1,9481,12,,,0,70,1,9482,12,,,0,30,1,9483,12,,,0,70,1,9484,12,,,0,30,1,9485,12,,,0,70,1,9486,12,,,0,28,1,9487,12,,,0,100,1,9488,12,,,0,100,1,9489,12,,,0,100,1,9490,12,,,0,100,1,9491,12,,,0,100,1,9492,12,,,0
5000,'13301',2449,1,9495,12,,,0,100,1,9496,12,,,0,100,1,9497,12,,,0
5000,'2',600,,12275,1,,,0,100,44,12276,12,,,0,100,44,12277,12,,,0,100,44,12278,12,,,0,100,44,12279,12,,,0,57,1,12280,12,,,0,77,1,12281,12,,,0,80,1,12282,12,,,0,40,1,12283,12,,,0,80,1,12284,12,,,0,80,1,12285,12,,,0,40,1,12286,12,,,0,80,1,12287,12,,,0,80,1,12288,12,,,0,40,1,12289,12,,,0,80,1,12290,12,,,0,80,1,12291,12,,,0,40,1,12292,12,,,0,103,1,12293,12,,,0,100,1,12294,12,,,0,100,1,12295,12,,,0,100,1,12296,12,,,0,100,1,12297,12,,,0
5000,'3',900,,9498,1,,,0,58,2,9499,12,,,0,100,2,9500,12,,,0,100,2,9503,12,,,0,100,2,9504,12,,,0,100,2,9505,12,,,0,100,2,9506,12,,,0,100,2,9507,12,,,0,100,2,9508,12,,,0,100,2,9509,12,,,0,100,2,9510,12,,,0,100,2,9501,12,,,0,100,2,9502,12,,,0
5500,'1',533,,9591,1,,,0,70,,9590,1,,,0,30,4,9559,12,,,0,70,44,9560,12,,,0,30,4,9561,12,,,0,70,44,9562,12,,,0,30,4,9563,12,,,0,70,44,9564,12,,,0,30,4,9565,12,,,0,70,44,9566,12,,,0,30,4,9567,12,,,0,70,44,9568,12,,,0,30,4,9569,12,,,0,70,44,9570,12,,,0,30,4,9571,12,,,0,70,44,9572,12,,,0,30,4,9573,12,,,0,70,44,9574,12,,,0,30,4,9575,12,,,0,70,44,9576,12,,,0,29,,9577,12,,,0,70,,9578,12,,,0,30,,9579,12,,,0,70,,9580,12,,,0,30,,9581,12,,,0,70,,9582,12,,,0,30,,9583,12,,,0,82,,9584,12,,,0,100,,9585,12,,,0,100,,9586,12,,,0,100,,9587,12,,,0,100,,9588,12,,,0,100,,9589,12,,,0
5500,'13301',2514,,9592,12,,,0,100,,9593,12,,,0,100,,9594,12,,,0
5500,'2',630,,12321,1,,,0,92,,12322,12,,,0,100,,12323,12,,,0,100,,12324,12,,,0,100,,12325,12,,,0,97,,12326,12,,,0,30,,12327,12,,,0,80,,12328,12,,,0,80,,12329,12,,,0,40,,12330,12,,,0,80,,12331,12,,,0,80,,12332,12,,,0,40,,12333,12,,,0,80,,12334,12,,,0,80,,12335,12,,,0,40,,12336,12,,,0,80,,12337,12,,,0,80,,12338,12,,,0,113,,12339,12,,,0,100,,12340,12,,,0,100,,12341,12,,,0,100,,12342,12,,,0,100,,12343,12,,,0
5500,'3',922,,9595,12,,,0,100,,9596,12,,,0,100,,9597,12,,,0,100,,9598,12,,,0,100,,9599,12,,,0,100,,9600,12,,,0,100,,9601,12,,,0,100,,9602,12,,,0,100,,9603,12,,,0,100,,9604,12,,,0,100,,9605,12,,,0,100,,9606,12,,,0,98,,9607,12,,,0
8600,'1',547,,10357,5,,,0,68,,10358,5,,,0,28,,10359,5,,,0,68,,10360,5,,,0,28,,10361,5,,,0,68,,10362,5,,,0,28,,10363,5,,,0,68,,10364,5,,,0,28,,10365,5,,,0,24,,10366,5,,,0,77,,10367,5,,,0,75,,10368,5,,,0,35,,10369,5,,,0,75,,10370,5,,,0,35,,10371,5,,,0,75,,10372,5,,,0,31,,10373,5,,,0,76,,10374,5,,,0,70,,10375,5,,,0,23,,10376,5,,,0,23,,10377,5,,,0,68,,10378,5,,,0,28,,10379,5,,,0,68,,10380,5,,,0,28,,10381,5,,,0,68,,10382,5,,,0,28,,10383,5,,,0,80,,10384,5,,,0,40,,10385,5,,,0,80,,10386,5,,,0,80,,10387,5,,,0,40,,10388,5,,,0,80,,10389,5,,,0,80,,10390,5,,,0,40,,10391,5,,,0
8600,'13301',2438,,10392,5,,,0,80,,10393,5,,,0,40,,10394,5,,,0,80,,10395,5,,,0
8600,'2',601,,12705,5,,,0,40,,12706,5,,,0,80,,12707,5,,,0,80,,12708,5,,,0,40,,12709,5,,,0,80,,12710,5,,,0,80,,12711,5,,,0,40,,12712,5,,,0,80,,12713,5,,,0,36,,12714,5,,,0,65,,12715,5,,,0,25,,12716,5,,,0,65,,12717,5,,,0,25,,12718,5,,,0,65,,12719,5,,,0,25,,12720,5,,,0,25,,12721,5,,,0,65,,12722,5,,,0,25,,12723,5,,,0,65,,12724,5,,,0,25,,12725,5,,,0,25,,12726,5,,,0,65,,12727,5,,,0,25,,12728,5,,,0,65,,12729,5,,,0,25,,12730,5,,,0,65,,12731,5,,,0,40,,12732,5,,,0,80,,12733,5,,,0,80,,12734,5,,,0,40,,12735,5,,,0,80,,12736,5,,,0,80,,12737,5,,,0,40,,12738,5,,,0
8600,'3',857,,10396,5,,,0,80,,10397,5,,,0,80,,10398,5,,,0,40,,10399,5,,,0,80,,10400,5,,,0,80,,10401,5,,,0,40,,10402,5,,,0,80,,10403,5,,,0,80,,10404,5,,,0,40,,10405,5,,,0,80,,10406,5,,,0,80,,10407,5,,,0,40,,10408,5,,,0,80,,10409,5,,,0,80,,10410,5,,,0,40,,10411,5,,,0,80,,10412,5,,,0,80,,10413,5,,,0,40,,10414,5,,,0
