401,'1',603,,6578,7,,,0,7,,6579,7,,,0,8,,6580,7,,,0,7,,6581,7,,,0,8,,6582,7,,,0,7,,6583,7,,,0,8,,6584,7,,,0,7,,6585,7,,,0,48,,6586,7,,,0,10,,6587,7,,,0,8,,6618,7,,,0,7,,6588,7,,,0,8,,6589,7,,,0,7,,6615,7,,,0,8,,6590,7,,,0,7,,6591,7,,,0,48,,6592,7,,,0,7,,6593,7,,,0,8,,6619,7,,,0,7,,6594,7,,,0,8,,6595,7,,,0,7,,6596,7,,,0,8,,6597,7,,,0,7,,6598,7,,,0,48,,6617,7,,,0,7,,6616,7,,,0,8,,6599,7,,,0,7,,6600,7,,,0,8,,6602,7,,,0,5,,6603,7,,,0,8,,6604,7,,,0,7,,6601,7,,,0,48,,6605,7,,,0,7,,6606,7,,,0,8,,6609,7,,,0,7,,6608,7,,,0,8,,6607,7,,,0,7,,6620,7,,,0,8,,6610,7,,,0,7,,6611,7,,,0,48,,6612,7,,,0,7,,6613,7,,,0,8,,6614,7,,,0,7,,6621,7,,,0,8,,6622,7,,,0,7,,6623,7,,,0,8,,6624,7,,,0,7,,6625,7,,,0,48,,6626,7,,,0,7,,6627,7,,,0,8,,6633,7,,,0,7,,6628,7,,,0,8,,6629,7,,,0,7,,6630,7,,,0,8,,6631,7,,,0,7,,6632,7,,,0,48,,6634,7,,,0,7,,6635,7,,,0,8,,6636,7,,,0,7,,6637,7,,,0,8,,6638,7,,,0,7,,6639,7,,,0,8,,6640,7,,,0,7,,6641,7,,,0,48,,6642,7,,,0,7,,6643,7,,,0,8,,6644,7,,,0,7,,6645,7,,,0,8,,6646,7,,,0,7,,6647,7,,,0,8,,6648,7,,,0,7,,6649,7,,,0,48,,6650,7,,,0,6,,6651,7,,,0,8,,6652,7,,,0,7,,6653,7,,,0,8,,6654,7,,,0,7,,6655,7,,,0,8,,6656,7,,,0,7,,6657,7,,,0,48,,6658,7,,,0,7,,6659,7,,,0,8,,6660,7,,,0,7,,6661,7,,,0,8,,6662,7,,,0,7,,6663,7,,,0,8,,6664,7,,,0,7,,6665,7,,,0,48,,6666,7,,,0,7,,6667,7,,,0,8,,6668,7,,,0,7,,6669,7,,,0,8,,6670,7,,,0,7,,6671,7,,,0,8,,6672,7,,,0,7,,6673,7,,,0,48,,6674,7,,,0,7,,6675,7,,,0,8,,6676,7,,,0,7,,6677,7,,,0,8,,6678,7,,,0,7,,6679,7,,,0,15,,6690,7,,,0,48,,6689,7,,,0,7,,6696,7,,,0,22,,6680,7,,,0,23,,6691,7,,,0,57,,6697,7,,,0,20,,6681,7,,,0,23,,6692,7,,,0,57,,6682,7,,,0,20,,6683,7,,,0,23,,6693,7,,,0,57,,6684,7,,,0,20,,6685,7,,,0,23,,6694,7,,,0,57,,6686,7,,,0,20,,6687,7,,,0,23,,6695,7,,,0,57,,6688,7,,,0
401,'13301',2432,,6698,7,,,0,23,,6705,7,,,0,57,,6702,7,,,0,20,,6699,7,,,0,23,,6706,7,,,0,57,,6703,7,,,0,20,,6700,7,,,0,23,,6707,7,,,0,57,,6704,7,,,0,20,,6701,7,,,0
401,'2',642,,10826,7,,,0,60,,10827,7,,,0,20,,10879,7,,,0,20,,10828,7,,,0,60,,10829,7,,,0,20,,10880,7,,,0,20,,10830,7,,,0,60,,10831,7,,,0,20,,10881,7,,,0,20,,10832,7,,,0,60,,10833,7,,,0,20,,10882,7,,,0,20,,10834,7,,,0,60,,10835,7,,,0,20,,10883,7,,,0,20,,10846,7,,,0,10,,10897,7,,,0,50,,10847,7,,,0,10,,10848,7,,,0,10,,10884,7,,,0,10,,10849,7,,,0,10,,10850,7,,,0,10,,10898,7,,,0,50,,10851,7,,,0,10,,10852,7,,,0,10,,10885,7,,,0,10,,10853,7,,,0,10,,10854,7,,,0,10,,10899,7,,,0,50,,10855,7,,,0,10,,10856,7,,,0,10,,10886,7,,,0,10,,10857,7,,,0,10,,10858,7,,,0,10,,10900,7,,,0,50,,10859,7,,,0,10,,10860,7,,,0,10,,10887,7,,,0,10,,10861,7,,,0,10,,10862,7,,,0,10,,10901,7,,,0,50,,10863,7,,,0,10,,10864,7,,,0,10,,10888,7,,,0,10,,10865,7,,,0,10,,10866,7,,,0,10,,10902,7,,,0,50,,10867,7,,,0,10,,10868,7,,,0,10,,10889,7,,,0,10,,10869,7,,,0,10,,10870,7,,,0,10,,10903,7,,,0,50,,10871,7,,,0,10,,10872,7,,,0,10,,10890,7,,,0,10,,10873,7,,,0,10,,10874,7,,,0,10,,10904,7,,,0,50,,10875,7,,,0,10,,10876,7,,,0,10,,10891,7,,,0,10,,10877,7,,,0,10,,10878,7,,,0,60,,10836,7,,,0,20,,10892,7,,,0,20,,10837,7,,,0,60,,10838,7,,,0,20,,10893,7,,,0,20,,10839,7,,,0,60,,10840,7,,,0,20,,10894,7,,,0,20,,10841,7,,,0,60,,10842,7,,,0,20,,10895,7,,,0,20,,10843,7,,,0,60,,10844,7,,,0,20,,10896,7,,,0,17,,10845,7,,,0
401,'3',902,,6708,7,,,0,20,,6735,7,,,0,20,,6709,7,,,0,60,,6710,7,,,0,20,,6736,7,,,0,20,,6711,7,,,0,60,,6712,7,,,0,20,,6737,7,,,0,20,,6718,7,,,0,60,,6719,7,,,0,20,,6738,7,,,0,20,,6720,7,,,0,60,,6721,7,,,0,20,,6739,7,,,0,20,,6722,7,,,0,60,,6723,7,,,0,20,,6740,7,,,0,20,,6724,7,,,0,60,,6725,7,,,0,20,,6741,7,,,0,20,,6726,7,,,0,60,,6727,7,,,0,20,,6742,7,,,0,20,,6728,7,,,0,60,,6729,7,,,0,20,,6743,7,,,0,20,,6730,7,,,0,60,,6731,7,,,0,20,,6744,7,,,0,20,,6732,7,,,0,60,,6733,7,,,0,20,,6745,7,,,0,20,,6713,7,,,0,60,,6714,7,,,0,20,,6746,7,,,0,20,,6715,7,,,0,60,,6716,7,,,0,20,,6747,7,,,0,20,,6717,7,,,0,15,,6734,7,0,7,0
1700,'1',659,,8083,7,0,7,0,60,,8084,7,0,7,0,20,,8085,7,0,7,0,20,,8086,7,0,7,0,60,,8087,7,0,7,0,20,,8088,7,0,7,0,20,,8089,7,0,7,0,60,,8090,7,0,7,0,20,,8117,7,0,7,0,73,,8118,7,0,7,0,35,,8119,7,0,7,0,70,,8120,7,0,7,0,30,,8121,7,0,7,0,70,,8122,7,0,7,0,30,,8123,7,0,7,0,70,,8124,7,0,7,0,30,,8125,7,0,7,0,75,,8126,7,0,7,0,23,,8127,7,0,7,0,60,,8163,7,0,7,0,19,,8091,7,0,7,0,18,,8092,7,0,7,0,60,,8093,7,0,7,0,20,,8094,7,0,7,0,20,,8095,7,0,7,0,60,,8096,7,0,7,0,20,,8097,7,0,7,0,20,,8098,7,0,7,0,60,,8099,7,0,7,0,20,,8139,7,0,7,0,20,,8140,7,0,7,0,66,,8141,7,0,7,0,45,,8144,7,0,7,0,85,,8145,7,0,7,0,85,,8146,7,0,7,0,85,,8147,7,0,7,0,44,,8148,7,0,7,0,86,,8149,7,0,7,0,84,,8165,7,0,7,0
1700,'13301',2508,,8167,7,0,7,0,45,,8168,7,0,7,0,85,,8169,7,0,7,0,85,,8170,7,0,7,0
1700,'2',642,,11633,7,0,7,0,85,,11634,7,0,7,0,85,,11635,7,0,7,0,45,,11636,7,0,7,0,85,,11637,7,0,7,0,85,,11638,7,0,7,0,85,,11639,7,0,7,0,30,,11648,7,0,7,0,70,,11649,7,0,7,0,30,,11650,7,0,7,0,70,,11651,7,0,7,0,30,,11652,7,0,7,0,70,,11653,7,0,7,0,30,,11654,7,0,7,0,70,,11655,7,0,7,0,30,,11656,7,0,7,0,70,,11657,7,0,7,0,30,,11658,7,0,7,0,70,,11659,7,0,7,0,30,,11660,7,0,7,0,70,,11661,7,0,7,0,30,,11662,7,0,7,0,85,,11680,7,0,7,0,85,,11678,7,0,7,0,45,,11682,7,0,7,0,85,,11679,7,0,7,0,85,,11684,7,0,7,0,85,,11681,7,0,7,0,45,,11683,7,0,7,0
1700,'3',857,,8190,7,0,7,0,85,,8191,7,0,7,0,85,,8192,7,0,7,0,85,,8193,7,0,7,0,45,,8194,7,0,7,0,85,,8195,7,0,7,0,85,,8223,7,0,7,0,85,,8196,7,0,7,0,45,,8197,7,0,7,0,85,,8198,7,0,7,0,85,,8199,7,0,7,0,85,,8200,7,0,7,0,45,,8201,7,0,7,0,85,,8202,7,0,7,0,85,,8203,7,0,7,0,85,,8204,7,0,7,0,45,,8205,7,0,7,0
1800,'1',620,,8365,38,,,0,28,,8366,38,,,0,68,,8367,38,,,0,28,,8368,38,,,0,68,,8369,38,,,0,28,,8370,38,,,0,68,,8371,38,,,0,28,,8372,38,,,0,68,,8373,38,,,0,28,,8374,38,,,0,68,,8375,38,,,0,28,,8376,38,,,0,28,,8377,38,,,0,68,,8378,38,,,0,28,,8379,38,,,0,68,,8380,38,,,0,28,,8381,38,,,0,68,,8382,38,,,0,28,,8383,38,,,0,68,,8384,38,,,0,28,,8385,38,,,0,68,,8386,38,,,0,28,,8387,38,,,0,68,,8388,38,,,0,28,,8389,38,,,0,68,,8390,38,,,0,28,,8391,38,,,0,26,,8392,38,,,0,68,,8398,38,,,0,100,,8393,38,,,0,100,,8394,38,,,0,100,,8395,38,,,0,100,,8396,38,,,0,100,,8397,38,,,0
1800,'13301',2522,,8399,38,,,0,100,,8400,38,,,0,100,,8401,38,,,0
1800,'2',618,,11751,38,,,0,100,,11752,38,,,0,100,,11753,38,,,0,100,,11754,38,,,0,100,,11755,38,,,0,100,,11756,38,,,0,34,,11757,38,,,0,72,,11758,38,,,0,32,,11759,38,,,0,72,,11760,38,,,0,72,,11761,38,,,0,32,,11762,38,,,0,72,,11763,38,,,0,32,,11764,38,,,0,72,,11765,38,,,0,32,,11766,38,,,0,72,,11767,38,,,0,32,,11768,38,,,0,72,,11769,38,,,0,32,,11770,38,,,0,68,,11776,38,,,0,100,,11771,38,,,0,100,,11772,38,,,0,100,,11773,38,,,0,100,,11774,38,,,0,100,,11775,38,,,0
1800,'3',918,,8402,38,,,0,100,,8403,38,,,0,100,,8404,38,,,0,100,,8405,38,,,0,100,,8406,38,,,0,100,,8407,38,,,0,100,,8408,38,,,0,100,,8409,38,,,0,100,,8410,38,,,0,100,,8411,38,,,0,100,,8412,38,,,0,100,,8413,38,,,0,100,,8414,38,,,0
54300,'14001',923,,10593,5,,,0
