1001,'1',607,,7579,3,,,0,22,,7578,3,,,0,24,,7536,3,,,0,62,,7537,3,,,0,22,,7538,3,,,0,22,,7539,3,,,0,62,,7540,3,,,0,22,,7541,3,,,0,62,,7542,3,,,0,22,,7543,3,,,0,22,,7544,3,,,0,62,,7545,3,,,0,22,,7546,3,,,0,22,,7547,3,,,0,62,,7548,3,,,0,22,,7549,3,,,0,62,,7550,3,,,0,22,,7551,3,,,0,22,,7552,3,,,0,62,,7553,3,,,0,22,,7554,3,,,0,22,,7555,3,,,0,62,,7556,3,,,0,22,,7557,3,,,0,22,,7558,3,,,0,62,,7559,3,,,0,22,,7560,3,,,0,62,,7561,3,,,0,22,,7562,3,,,0,22,,7563,3,,,0,62,,7564,3,,,0,22,,7565,3,,,0,22,,7566,3,,,0,62,,7567,3,,,0,22,,7568,3,,,0,20,,7569,3,,,0,80,,7570,3,,,0,80,,7571,3,,,0,40,,7572,3,,,0,80,,7573,3,,,0,80,,7574,3,,,0,40,,7575,3,,,0,80,,7576,3,,,0,80,,7577,3,,,0
1001,'13301',2457,,7580,3,,,0,80,,7581,3,,,0,80,,7582,3,,,0,40,,7583,3,,,0
1001,'2',611,,11319,3,,,0,40,,11320,3,,,0,80,,11321,3,,,0,80,,11322,3,,,0,40,,11323,3,,,0,80,,11324,3,,,0,80,,11325,3,,,0,40,,11326,3,,,0,64,,11327,3,,,0,19,,11328,3,,,0,22,,11329,3,,,0,62,,11330,3,,,0,22,,11331,3,,,0,62,,11332,3,,,0,22,,11333,3,,,0,22,,11334,3,,,0,62,,11335,3,,,0,22,,11336,3,,,0,22,,11337,3,,,0,62,,11338,3,,,0,22,,11339,3,,,0,22,,11340,3,,,0,62,,11341,3,,,0,22,,11342,3,,,0,62,,11343,3,,,0,22,,11344,3,,,0,22,,11345,3,,,0,62,,11346,3,,,0,41,,11347,3,,,0,77,,11348,3,,,0,80,,11349,3,,,0,40,,11350,3,,,0,80,,11351,3,,,0,80,,11352,3,,,0,40,,11353,3,,,0,80,,11354,3,,,0,80,,11355,3,,,0
1001,'3',844,,7584,3,,,0,80,,7585,3,,,0,80,,7586,3,,,0,40,,7587,3,,,0,80,,7588,3,,,0,80,,7589,3,,,0,40,,7590,3,,,0,80,,7591,3,,,0,80,,7592,3,,,0,40,,7593,3,,,0,80,,7594,3,,,0,80,,7595,3,,,0,40,,7596,3,,,0,80,,7597,3,,,0,80,,7598,3,,,0,40,,7599,3,,,0,80,,7600,3,,,0,80,,7601,3,,,0,40,,7602,3,,,0,80,,7603,3,,,0
1900,'1',546,,8466,3,,,0,70,,8467,3,,,0,30,,8468,3,,,0,70,,8469,3,,,0,30,,8470,3,,,0,70,,8497,3,,,0,30,,8471,3,,,0,70,,8472,3,,,0,30,,8473,3,,,0,70,,8474,3,,,0,30,,8475,3,,,0,70,,8476,3,,,0,30,,8477,3,,,0,70,,8478,3,,,0,30,,8479,3,,,0,70,,8480,3,,,0,30,,8481,3,,,0,70,,8482,3,,,0,30,,8483,3,,,0,70,,8484,3,,,0,30,,8485,3,,,0,70,,8486,3,,,0,30,,8487,3,,,0,70,,8488,3,,,0,30,,8489,3,,,0,70,,8490,3,,,0,30,,8491,3,,,0,100,,8492,3,,,0,100,,8493,3,,,0,100,,8494,3,,,0,100,,8495,3,,,0,100,,8496,3,,,0
1900,'13301',2447,,8498,3,,,0,100,,8499,3,,,0,100,,8500,3,,,0
1900,'2',646,,11827,3,,,0,100,,11826,3,,,0,100,,11825,3,,,0,100,,11824,3,,,0,100,,11823,3,,,0,70,,11822,3,,,0,30,,11821,3,,,0,70,,11820,3,,,0,30,,11819,3,,,0,70,,11818,3,,,0,30,,11817,3,,,0,70,,11816,3,,,0,30,,11815,3,,,0,70,,11814,3,,,0,30,,11813,3,,,0,70,,11812,3,,,0,30,,11811,3,,,0,70,,11810,3,,,0,30,,11809,3,,,0,70,,11808,3,,,0,30,,11807,3,,,0,100,,11806,3,,,0,100,,11805,3,,,0,100,,11804,3,,,0,100,,11803,3,,,0,100,,11802,3,,,0
1900,'3',846,,8514,3,,,0,100,,8513,3,,,0,100,,8512,3,,,0,100,,8511,3,,,0,100,,8510,3,,,0,100,,8509,3,,,0,100,,8508,3,,,0,100,,8507,3,,,0,100,,8506,3,,,0,100,,8505,3,,,0,100,,8504,3,,,0,100,,8503,3,,,0,100,,8502,3,,,0
8301,'1',701,,10211,3,,,0,28,,10212,3,,,0,28,,10213,3,,,0,68,,10214,3,,,0,28,,10215,3,,,0,68,,10216,3,,,0,28,,10217,3,,,0,68,,10218,3,,,0,28,,10219,3,,,0,68,,10220,3,,,0,28,,10221,3,,,0,68,,10222,3,,,0,28,,10223,3,,,0,68,,10224,3,,,0,28,,10225,3,,,0,68,,10226,3,,,0,28,,10227,3,,,0,28,,10228,3,,,0,68,,10229,3,,,0,28,,10230,3,,,0,68,,10231,3,,,0,28,,10232,3,,,0,68,,10233,3,,,0,28,,10234,3,,,0,68,,10235,3,,,0,28,,10236,3,,,0,68,,10237,3,,,0
8301,'1201',1543,,10238,3,,,0
8301,'12801',1543,,10239,3,,,0
8700,'1',655,,10473,3,,,0,68,,10474,3,,,0,28,,10475,3,,,0,68,,10476,3,,,0,28,,10477,3,,,0,68,,10478,3,,,0,28,,10479,3,,,0,68,,10480,3,,,0,27,,10481,3,,,0,71,,10482,3,,,0,35,,10483,3,,,0,75,,10484,3,,,0,35,,10485,3,,,0,75,,10486,3,,,0,75,,10487,3,,,0,30,,10488,3,,,0,73,,10489,3,,,0,30,,10490,3,,,0,68,,10491,3,,,0,28,,10492,3,,,0,68,,10493,3,,,0,28,,10494,3,,,0,28,,10495,3,,,0,68,,10496,3,,,0
33600,'1201',836,,10563,3,,,0
