600,'1',640,,6908,32,4,,0,70,,6909,32,4,,0,30,,6910,32,4,,0,70,,6911,32,4,,0,30,,6912,32,4,,0,70,,6913,32,4,,0,30,,6914,32,4,,0,70,,6915,32,4,,0,30,,6916,32,4,,0,70,,6917,32,4,,0,30,,6918,32,4,,0,70,,6919,32,4,,0,30,,6920,32,4,,0,70,,6921,32,4,,0,30,,6922,32,4,,0,70,,6923,32,4,,0,30,,6924,32,4,,0,70,,6925,32,4,,0,30,,6926,32,4,,0,70,,6927,32,4,,0,30,,6928,32,4,,0,70,,6929,32,4,,0,30,,6930,32,4,,0,70,,6931,32,4,,0,30,,6932,32,4,,0,70,,6933,32,4,,0,100,,6934,32,4,,0,100,,6935,32,4,,0,100,,6936,32,4,,0,100,,6937,32,4,,0,100,,6938,32,4,,0
600,'13301',2510,,6939,32,4,,0,100,,6940,32,4,,0,100,,6941,32,4,,0
600,'2',710,,10991,32,4,,0,100,,10992,32,4,,0,100,,10993,32,4,,0,100,,10994,32,4,,0,100,,10995,32,4,,0,100,,10996,32,4,,0,30,,10997,32,4,,0,70,,10998,32,4,,0,30,,10999,32,4,,0,70,,11000,32,4,,0,30,,11001,32,4,,0,70,,11002,32,4,,0,30,,11003,32,4,,0,70,,11004,32,4,,0,30,,11005,32,4,,0,70,,11006,32,4,,0,30,,11007,32,4,,0,70,,11008,32,4,,0,30,,11009,32,4,,0,70,,11010,32,4,,0,100,,11011,32,4,,0,100,,11012,32,4,,0,100,,11013,32,4,,0,100,,11014,32,4,,0,100,,11015,32,4,,0
600,'3',910,,6942,32,4,,0,100,,6943,32,4,,0,100,,6944,32,4,,0,100,,6945,32,4,,0,100,,6946,32,4,,0,100,,6947,32,4,,0,100,,6948,32,4,,0,100,,6949,32,4,,0,100,,6950,32,4,,0,100,,6951,32,4,,0,100,,6952,32,4,,0,100,,6953,32,4,,0,100,,6954,32,4,,0
601,'1',543,,6986,1,0,18 19,0,70,,6987,1,0,18 19,0,30,,6955,1,0,18 19,0,70,,6956,1,0,18 19,0,30,,6957,1,0,18 19,0,70,,6958,1,0,18 19,0,30,,6959,1,0,18 19,0,70,,6960,1,0,18 19,0,30,,6961,1,0,18 19,0,70,,6962,1,0,18 19,0,30,,6963,1,0,18 19,0,70,,6964,1,0,18 19,0,30,,6965,1,0,18 19,0,70,,6966,1,0,18 19,0,30,,6967,1,0,18 19,0,70,,6968,1,0,18 19,0,30,,6969,1,0,18 19,0,70,,6970,1,0,18 19,0,30,,6971,1,0,18 19,0,70,,6972,1,0,18 19,0,30,,6973,1,0,18 19,0,70,,6974,1,0,18 19,0,30,,6975,1,0,18 19,0,70,,6976,1,0,18 19,0,30,,6977,1,0,18 19,0,70,,6978,1,0,18 19,0,30,,6979,1,0,18 19,0,72,,6980,1,0,18 19,0,100,,6981,1,0,18 19,0,100,,6982,1,0,18 19,0,100,,6983,1,0,18 19,0,100,,6984,1,0,18 19,0,95,,6985,1,0,18 19,0
601,'13301',2515,,6988,1,0,18 19,0,100,,6989,1,0,18 19,0,100,,6990,1,0,18 19,0
601,'2',615,,11016,1,0,18 19,0,100,,11017,1,0,18 19,0,100,,11018,1,0,18 19,0,100,,11019,1,0,18 19,0,100,,11020,1,0,18 19,0,100,,11021,1,0,18 19,0,28,,11022,1,0,18 19,0,70,,11023,1,0,18 19,0,30,,11024,1,0,18 19,0,70,,11025,1,0,18 19,0,30,,11026,1,0,18 19,0,70,,11027,1,0,18 19,0,30,,11028,1,0,18 19,0,70,,11029,1,0,18 19,0,30,,11030,1,0,18 19,0,70,,11031,1,0,18 19,0,30,,11032,1,0,18 19,0,70,,11033,1,0,18 19,0,30,,11034,1,0,18 19,0,70,,11035,1,0,18 19,0,30,,11036,1,0,18 19,0,72,,11037,1,0,18 19,0,100,,11038,1,0,18 19,0,100,,11039,1,0,18 19,0,100,,11040,1,0,18 19,0,100,,11041,1,0,18 19,0,95,,11042,1,0,18 19,0
601,'3',815,,6991,1,0,18 19,0,100,,6992,1,0,18 19,0,100,,6993,1,0,18 19,0,100,,6994,1,0,18 19,0,100,,6995,1,0,18 19,0,100,,6996,1,0,18 19,0,100,,6997,1,0,18 19,0,100,,6998,1,0,18 19,0,100,,6999,1,0,18 19,0,100,,7000,1,0,18 19,0,100,,7001,1,0,18 19,0,100,,7002,1,0,18 19,0,100,,7003,1,0,18 19,0,95,,7004,1,0,18 19,0
1600,'1',655,,7990,33,4,,0,72,,7991,33,4,,0,32,,7992,33,4,,0,72,,7993,33,4,,0,72,,7994,33,4,,0,32,,7995,33,4,,0,72,,7996,33,4,,0,32,,7997,33,4,,0,72,,7998,33,4,,0,32,,7999,33,4,,0,72,,8000,33,4,,0,32,,8010,33,4,,0,72,,8011,33,4,,0,32,,8001,33,4,,0,72,,8002,33,4,,0,32,,8003,33,4,,0,72,,8004,33,4,,0,32,,8005,33,4,,0,72,,8006,33,4,,0,72,,8007,33,4,,0,32,,8008,33,4,,0,72,,8012,33,4,,0,32,,8009,33,4,,0,70,,8013,33,4,,0,35,,8014,33,4,,0,100,,8015,33,4,,0,100,,8016,33,4,,0,100,,8017,33,4,,0,100,,8018,33,4,,0,100,,8019,33,4,,0
1600,'13301',2544,,8020,33,4,,0,100,,8021,33,4,,0,100,,8022,33,4,,0
1600,'2',648,,11583,33,4,,0,100,,11584,33,4,,0,100,,11585,33,4,,0,100,,11586,33,4,,0,100,,11587,33,4,,0,104,,11588,33,4,,0,74,,11589,33,4,,0,32,,11590,33,4,,0,72,,11591,33,4,,0,72,,11592,33,4,,0,32,,11593,33,4,,0,72,,11594,33,4,,0,32,,11595,33,4,,0,72,,11596,33,4,,0,32,,11597,33,4,,0,72,,11598,33,4,,0,32,,11599,33,4,,0,72,,11600,33,4,,0,32,,11601,33,4,,0,70,,11602,33,4,,0,100,,11603,33,4,,0,100,,11604,33,4,,0,100,,11605,33,4,,0,100,,11606,33,4,,0,100,,11607,33,4,,0
1600,'3',844,,8036,33,4,,0,100,,8023,33,4,,0,100,,8024,33,4,,0,100,,8025,33,4,,0,100,,8026,33,4,,0,100,,8027,33,4,,0,100,,8028,33,4,,0,100,,8029,33,4,,0,100,,8030,33,4,,0,100,,8031,33,4,,0,100,,8032,33,4,,0,100,,8033,33,4,,0,100,,8034,33,4,,0,101,,8035,33,4,,0
1601,'1',555,,8062,1,,,0,72,,8057,1,,,0,32,,8037,1,,,0,72,,8038,1,,,0,72,,8039,1,,,0,32,,8040,1,,,0,72,,8041,1,,,0,32,,8042,1,,,0,72,,8043,1,,,0,32,,8044,1,,,0,72,,8063,1,,,0,32,,8045,1,,,0,72,,8046,1,,,0,32,,8047,1,,,0,72,,8048,1,,,0,32,,8049,1,,,0,72,,8050,1,,,0,32,,8051,1,,,0,72,,8052,1,,,0,72,,8053,1,,,0,32,,8054,1,,,0,72,,8064,1,,,0,32,,8055,1,,,0,72,,8065,1,,,0,32,,8056,1,,,0,103,,8058,1,,,0,100,,8059,1,,,0,100,,8060,1,,,0,100,,8061,1,,,0,100,,8066,1,,,0
1601,'13301',2446,,8067,1,,,0,100,,8068,1,,,0,100,,8069,1,,,0
1601,'2',552,,11608,1,,,0,100,,11609,1,,,0,100,,11610,1,,,0,100,,11611,1,,,0,100,,11612,1,,,0,100,,11613,1,,,0,74,,11614,1,,,0,32,,11615,1,,,0,72,,11616,1,,,0,72,,11617,1,,,0,32,,11618,1,,,0,72,,11619,1,,,0,32,,11620,1,,,0,72,,11621,1,,,0,32,,11622,1,,,0,72,,11623,1,,,0,32,,11624,1,,,0,72,,11625,1,,,0,32,,11626,1,,,0,72,,11627,1,,,0,102,,11628,1,,,0,100,,11629,1,,,0,100,,11630,1,,,0,100,,11631,1,,,0,100,,11632,1,,,0
1601,'3',848,,8070,1,,,0,100,,8071,1,,,0,100,,8072,1,,,0,100,,8073,1,,,0,100,,8074,1,,,0,100,,8075,1,,,0,100,,8076,1,,,0,100,,8077,1,,,0,100,,8078,1,,,0,100,,8079,1,,,0,100,,8080,1,,,0,100,,8081,1,,,0,100,,8082,1,,,0
1900,'1',553,,8466,12,,,0,70,,8467,12,,,0,30,,8468,12,,,0,70,,8469,12,,,0,30,,8470,12,,,0,70,,8497,12,,,0,30,,8471,12,,,0,70,,8472,12,,,0,30,,8473,12,,,0,70,,8474,12,,,0,30,,8475,12,,,0,70,,8476,12,,,0,30,,8477,12,,,0,70,,8478,12,,,0,30,,8479,12,,,0,70,,8480,12,,,0,30,,8481,12,,,0,70,,8482,12,,,0,30,,8483,12,,,0,70,,8484,12,,,0,30,,8485,12,,,0,70,,8486,12,,,0,30,,8487,12,,,0,70,,8488,12,,,0,30,,8489,12,,,0,70,,8490,12,,,0,30,,8491,12,,,0,101,,8492,12,,,0,100,,8493,12,,,0,100,,8494,12,,,0,100,,8495,12,,,0,100,,8496,12,,,0
1900,'13301',2455,,8498,12,,,0,100,,8499,12,,,0,100,,8500,12,,,0
1900,'2',653,,11827,12,,,0,100,,11826,12,,,0,100,,11825,12,,,0,100,,11824,12,,,0,100,,11823,12,,,0,70,,11822,12,,,0,30,,11821,12,,,0,70,,11820,12,,,0,30,,11819,12,,,0,70,,11818,12,,,0,30,,11817,12,,,0,70,,11816,12,,,0,30,,11815,12,,,0,70,,11814,12,,,0,30,,11813,12,,,0,70,,11812,12,,,0,30,,11811,12,,,0,70,,11810,12,,,0,30,,11809,12,,,0,70,,11808,12,,,0,30,,11807,12,,,0,100,,11806,12,,,0,100,,11805,12,,,0,100,,11804,12,,,0,100,,11803,12,,,0,100,,11802,12,,,0
1900,'3',853,,8514,12,,,0,100,,8513,12,,,0,100,,8512,12,,,0,100,,8511,12,,,0,100,,8510,12,,,0,100,,8509,12,,,0,100,,8508,12,,,0,100,,8507,12,,,0,100,,8506,12,,,0,100,,8505,12,,,0,100,,8504,12,,,0,100,,8503,12,,,0,100,,8502,12,,,0,82,,8501,1,,,0
1901,'3',2135,,8550,28,4,,0
122500,'13802',1105,,12795,1,,,0,100,,12796,1,,,0,100,,12797,1,,,0,100,,12798,1,,,0,100,,12792,6,4,,0,100,,12800,1,,,0,100,,12801,1,,,0
122500,'13803',1105,,10610,1,,,0,100,,10611,1,,,0,100,,10612,1,,,0,100,,10613,1,,,0,100,,10607,6,4,,0,100,,10615,1,,,0,100,,10616,1,,,0
