1201,'1',547,,7775,2,,,0,70,,7776,2,,,0,30,,7745,2,,,0,70,,7746,2,,,0,30,,7747,2,,,0,70,,7748,2,,,0,30,,7749,2,,,0,70,,7750,2,,,0,30,,7751,2,,,0,70,,7752,2,,,0,30,,7753,2,,,0,70,,7754,2,,,0,30,,7755,2,,,0,70,,7756,2,,,0,30,,7757,2,,,0,70,,7758,2,,,0,30,,7759,2,,,0,70,,7760,2,,,0,30,,7761,2,,,0,70,,7762,2,,,0,30,,7763,2,,,0,70,,7764,2,,,0,30,,7765,2,,,0,70,,7766,2,,,0,30,,7767,2,,,0,70,,7768,2,,,0,32,,7769,2,,,0,100,,7770,2,,,0,100,,7771,2,,,0,100,,7772,2,,,0,100,,7773,2,,,0,100,,7774,2,,,0
1201,'13301',2449,,7777,2,,,0,100,,7778,2,,,0,100,,7779,2,,,0
1201,'2',649,,11433,2,,,0,100,,11434,2,,,0,100,,11435,2,,,0,100,,11436,2,,,0,100,,11437,2,,,0,68,,11438,2,,,0,30,,11439,2,,,0,70,,11440,2,,,0,30,,11441,2,,,0,70,,11442,2,,,0,30,,11443,2,,,0,70,,11444,2,,,0,30,,11445,2,,,0,70,,11446,2,,,0,30,,11447,2,,,0,70,,11448,2,,,0,30,,11449,2,,,0,70,,11450,2,,,0,30,,11451,2,,,0,70,,11452,2,,,0,32,,11453,2,,,0,100,,11454,2,,,0,100,,11455,2,,,0,100,,11456,2,,,0,100,,11457,2,,,0,100,,11458,2,,,0
1201,'3',849,,7780,2,,,0,100,,7781,2,,,0,100,,7782,2,,,0,100,,7783,2,,,0,100,,7784,2,,,0,100,,7785,2,,,0,100,,7786,2,,,0,100,,7787,2,,,0,100,,7788,2,,,0,100,,7789,2,,,0,100,,7790,2,,,0,100,,7791,2,,,0,100,,7792,2,,,0
3000,'1',547,,8876,2,,,0,77,,8878,2,,,0,78,,8880,2,,,0,42,,8898,2,,,0,80,,8899,2,,,0,80,,8900,2,,,0,43,,8901,2,,,0,80,,8902,2,,,0,80,,8903,2,,,0,40,,8904,2,,,0,80,,8905,2,,,0,80,,8906,2,,,0,40,,8907,2,,,0,80,,8908,2,,,0,80,,8909,2,,,0,42,,8910,2,,,0,80,,8911,2,,,0,80,,8912,2,,,0,40,,8913,2,,,0,80,,8914,2,,,0,80,,8864,2,,,0,93,,8865,2,,,0,100,,8866,2,,,0,100,,8867,2,,,0,100,,8868,2,,,0,101,,8869,2,,,0
3000,'13301',2503,,8915,2,,,0,100,,8916,2,,,0,100,,8917,2,,,0
3000,'2',620,,11994,2,,,0,87,,11996,2,,,0,100,,12012,2,,,0,100,,12013,2,,,0,100,,12014,2,,,0,103,,12015,2,,,0,40,,12016,2,,,0,80,,12017,2,,,0,80,,12018,2,,,0,40,,12019,2,,,0,80,,12020,2,,,0,80,,12021,2,,,0,40,,12022,2,,,0,80,,12023,2,,,0,80,,12024,2,,,0,40,,12025,2,,,0,80,,12026,2,,,0,77,,11982,2,,,0,100,,11983,2,,,0,100,,11984,2,,,0,100,,11985,2,,,0,100,,11986,2,,,0,98,,11987,2,,,0
3000,'3',810,,8921,2,,,0,95,,8922,2,,,0,100,,8923,2,,,0,100,,8924,2,,,0,100,,8925,2,,,0,100,,8926,2,,,0,100,,8927,2,,,0,100,,8928,2,,,0,100,,8929,2,,,0,100,,8930,2,,,0,100,,8931,2,,,0,100,,8932,2,,,0,100,,8933,2,,,0,100,,8947,2,,,0
3500,'1',530,,9003,2,,,0,80,,9004,2,,,0,33,,9005,2,,,0,80,,9006,2,,,0,80,,9007,2,,,0,40,,9008,2,,,0,80,,9009,2,,,0,84,,9010,2,,,0,40,,9011,2,,,0,80,,9012,2,,,0,80,,9013,2,,,0,40,,9014,2,,,0,80,,9015,2,,,0,80,,9016,2,,,0,40,,9017,2,,,0,82,,9018,2,,,0,80,,9019,2,,,0,40,,9020,2,,,0,80,,9021,2,,,0,80,,9022,2,,,0,40,,9042,2,,,0,83,,8991,2,,,0,100,,8992,2,,,0,100,,8993,2,,,0,100,,8994,2,,,0,100,,8995,2,,,0,101,,9002,2,,,0
3500,'13301',2533,,9046,2,,,0,100,,9047,2,,,0
3500,'2',635,,12062,2,,,0,100,,12063,2,,,0,100,,12064,2,,,0,100,,12065,2,,,0,100,,12066,2,,,0,95,,12067,2,,,0,80,,12068,2,,,0,40,,12069,2,,,0,80,,12070,2,,,0,80,,12071,2,,,0,40,,12072,2,,,0,80,,12073,2,,,0,80,,12074,2,,,0,40,,12075,2,,,0,80,,12076,2,,,0,80,,12077,2,,,0,125,,12050,2,,,0,100,,12051,2,,,0,100,,12052,2,,,0,100,,12053,2,,,0,100,,12054,2,,,0,95,,12061,2,,,0
3500,'3',835,,9048,2,,,0,100,,9049,2,,,0,100,,9050,2,,,0,100,,9051,2,,,0,100,,9052,2,,,0,100,,9053,2,,,0,100,,9054,2,,,0,100,,9055,2,,,0,100,,9056,2,,,0,100,,9057,2,,,0,100,,9058,2,,,0,100,,9069,2,,,0,100,,9070,2,,,0,95,,9074,2,,,0
