6001,'1',620,,9708,6,,,0,30,,9732,6,,,0,63,,9740,6,,,0,7,,9731,6,,,0,23,,9741,6,,,0,7,,9730,6,,,0,63,,9742,6,,,0,7,,9729,6,,,0,30,,9728,6,,,0,70,,9727,6,,,0,30,,9726,6,,,0,70,,9725,6,,,0,30,,9724,6,,,0,70,,9723,6,,,0,30,,9722,6,,,0,70,,9721,6,,,0,30,,9720,6,,,0,70,,9719,6,,,0,30,,9718,6,,,0,70,,9717,6,,,0,30,,9716,6,,,0,70,,9715,6,,,0,30,,9714,6,,,0,70,,9713,6,,,0,23,,9743,7,,,0,7,,9712,6,,,0,8,,9744,7,,,0,62,,9738,6,,,0,30,,9739,6,,,0,70,,9711,6,,,0,100,,9710,6,,,0,100,,9733,6,,,0,100,,9734,6,,,0,100,,9735,6,,,0,100,,9736,6,,,0,100,,9737,6,,,0
6001,'1201',1558,,9746,7,,,0,55,,9745,7,,,0
6001,'12801',1558,,9747,7,,,0,55,,9748,7,,,0
6001,'13301',2519,,9749,6,,,0,100,,9750,6,,,0,100,,9751,6,,,0
6001,'2',720,,12418,6,,,0,100,,12410,6,,,0,100,,12409,6,,,0,100,,12408,6,,,0,100,,12407,6,,,0,30,,12406,6,,,0,70,,12405,6,,,0,30,,12404,6,,,0,70,,12403,6,,,0,30,,12402,6,,,0,70,,12401,6,,,0,30,,12400,6,,,0,70,,12399,6,,,0,30,,12398,6,,,0,70,,12397,6,,,0,30,,12396,6,,,0,70,,12416,6,,,0,30,,12417,6,,,0,70,,12395,6,,,0,100,,12394,6,,,0,100,,12411,6,,,0,100,,12412,6,,,0,100,,12413,6,,,0,100,,12414,6,,,0,100,,12415,6,,,0
6001,'3',920,,9762,6,,,0,100,,9761,6,,,0,100,,9760,6,,,0,100,,9759,6,,,0,100,,9758,6,,,0,100,,9757,6,,,0,100,,9756,6,,,0,100,,9755,6,,,0,100,,9765,6,,,0,100,,9754,6,,,0,100,,9753,6,,,0,100,,9763,6,,,0,100,,9764,6,,,0
6501,'1',635,,10167,6,,,0,70,,10166,6,,,0,30,,10165,6,,,0,70,,10164,6,,,0,30,,10163,6,,,0,70,,10162,6,,,0,30,,10161,6,,,0,70,,10160,6,,,0,30,,10159,6,,,0,70,,10158,6,,,0,30,,10157,6,,,0,70,,10156,6,,,0,30,,10155,6,,,0,70,,10154,6,,,0,30,,10153,6,,,0,70,,10152,6,,,0,30,,10151,6,,,0,70,,10150,6,,,0,30,,10149,6,,,0,70,,10148,6,,,0,30,,10147,6,,,0,70,,10146,6,,,0,30,,10145,6,,,0,70,,10144,6,,,0,30,,10143,6,,,0,15,,10135,6,,,0,100,,10142,6,,,0,100,,10141,6,,,0,100,,10140,6,,,0,100,,10139,6,,,0,101,,10138,6,,,0
6501,'13301',2450,,10168,6,,,0,100,,10169,6,,,0,100,,10170,6,,,0
6501,'2',650,,12638,6,,,0,100,,12637,6,,,0,100,,12636,6,,,0,100,,12635,6,,,0,100,,12634,6,,,0,55,,12633,6,,,0,30,,12632,6,,,0,70,,12631,6,,,0,30,,12630,6,,,0,70,,12629,6,,,0,30,,12628,6,,,0,70,,12627,6,,,0,30,,12626,6,,,0,70,,12625,6,,,0,30,,12624,6,,,0,70,,12623,6,,,0,30,,12622,6,,,0,70,,12621,6,,,0,30,,12620,6,,,0,70,,12619,6,,,0,30,,12618,6,,,0,15,,12610,6,,,0,100,,12617,6,,,0,100,,12616,6,,,0,100,,12615,6,,,0,100,,12614,6,,,0,101,,12613,6,,,0
6501,'3',850,,10176,6,,,0,100,,10175,6,,,0,100,,10174,6,,,0,100,,10177,6,,,0,100,,10178,6,,,0,100,,10179,6,,,0,100,,10180,6,,,0,100,,10181,6,,,0,100,,10182,6,,,0,100,,10183,6,,,0,100,,10171,6,,,0,100,,10173,6,,,0,100,,10172,6,,,0
