6001,'1',626,,9708,10,,,0,30,,9732,10,,,0,62,,9740,10,,,0,8,,9731,10,,,0,22,,9741,10,,,0,8,,9730,10,,,0,62,,9742,10,,,0,8,,9729,10,,,0,30,,9728,10,,,0,70,,9727,10,,,0,30,,9726,10,,,0,70,,9725,10,,,0,30,,9724,10,,,0,70,,9723,10,,,0,30,,9722,10,,,0,70,,9721,10,,,0,30,,9720,10,,,0,70,,9719,10,,,0,30,,9718,10,,,0,70,,9717,10,,,0,30,,9716,10,,,0,70,,9715,10,,,0,30,,9714,10,,,0,70,,9713,10,,,0,22,,9743,11,,,0,8,,9712,10,,,0,47,,9744,11,,,0,23,,9738,10,,,0,30,,9739,10,,,0,70,,9711,10,,,0,100,,9710,10,,,0,100,,9733,10,,,0,100,,9734,10,,,0,100,,9735,10,,,0,100,,9736,10,,,0,100,,9737,10,,,0
6001,'1201',1603,,9746,11,,,0,15,,9745,11,,,0
6001,'12801',1603,,9747,11,,,0,15,,9748,11,,,0
6001,'13301',2525,,9749,10,,,0,100,,9750,10,,,0,100,,9751,10,,,0
6001,'2',726,,12418,10,,,0,100,,12410,10,,,0,100,,12409,10,,,0,100,,12408,10,,,0,100,,12407,10,,,0,30,,12406,10,,,0,70,,12405,10,,,0,30,,12404,10,,,0,70,,12403,10,,,0,30,,12402,10,,,0,70,,12401,10,,,0,30,,12400,10,,,0,70,,12399,10,,,0,30,,12398,10,,,0,70,,12397,10,,,0,30,,12396,10,,,0,70,,12416,10,,,0,30,,12417,10,,,0,70,,12395,10,,,0,100,,12394,10,,,0,100,,12411,10,,,0,100,,12412,10,,,0,100,,12413,10,,,0,100,,12414,10,,,0,100,,12415,10,,,0
6001,'3',926,,9762,10,,,0,100,,9761,10,,,0,100,,9760,10,,,0,100,,9759,10,,,0,100,,9758,10,,,0,100,,9757,10,,,0,100,,9756,10,,,0,100,,9755,10,,,0,100,,9765,10,,,0,100,,9754,10,,,0,100,,9753,10,,,0,100,,9763,10,,,0,100,,9764,10,,,0
6501,'1',641,,10167,10,,,0,70,,10166,10,,,0,30,,10165,10,,,0,70,,10164,10,,,0,30,,10163,10,,,0,70,,10162,10,,,0,30,,10161,10,,,0,70,,10160,10,,,0,30,,10159,10,,,0,70,,10158,10,,,0,30,,10157,10,,,0,70,,10156,10,,,0,30,,10155,10,,,0,70,,10154,10,,,0,30,,10153,10,,,0,70,,10152,10,,,0,30,,10151,10,,,0,70,,10150,10,,,0,30,,10149,10,,,0,70,,10148,10,,,0,30,,10147,10,,,0,70,,10146,10,,,0,30,,10145,10,,,0,70,,10144,10,,,0,30,,10143,10,,,0,15,,10135,10,,,0,100,,10142,10,,,0,100,,10141,10,,,0,100,,10140,10,,,0,100,,10139,10,,,0,101,,10138,10,,,0
6501,'13301',2456,,10168,10,,,0,100,,10169,10,,,0,100,,10170,10,,,0
6501,'2',656,,12638,10,,,0,100,,12637,10,,,0,100,,12636,10,,,0,100,,12635,10,,,0,100,,12634,10,,,0,55,,12633,10,,,0,30,,12632,10,,,0,70,,12631,10,,,0,30,,12630,10,,,0,70,,12629,10,,,0,30,,12628,10,,,0,70,,12627,10,,,0,30,,12626,10,,,0,70,,12625,10,,,0,30,,12624,10,,,0,70,,12623,10,,,0,30,,12622,10,,,0,70,,12621,10,,,0,30,,12620,10,,,0,70,,12619,10,,,0,30,,12618,10,,,0,15,,12610,10,,,0,100,,12617,10,,,0,100,,12616,10,,,0,100,,12615,10,,,0,100,,12614,10,,,0,101,,12613,10,,,0
6501,'3',856,,10176,10,,,0,100,,10175,10,,,0,100,,10174,10,,,0,100,,10177,10,,,0,100,,10178,10,,,0,100,,10179,10,,,0,100,,10180,10,,,0,100,,10181,10,,,0,100,,10182,10,,,0,100,,10183,10,,,0,100,,10171,10,,,0,100,,10173,10,,,0,100,,10172,10,,,0
31500,'1201',1513,,10526,9,,,0,19,,10527,2,,,0
122500,'13802',1041,,12788,3,0,27 12,0,100,,12789,3,0,27 12,0,100,,12790,3,0,27 12,0,100,,12791,3,0,27 12,0,100,,12792,3,0,27 12,0,100,,12793,3,0,27 12,0,100,,12794,3,0,27 12,0
122500,'13803',1041,,10603,3,0,27 12,0,100,,10604,3,0,27 12,0,100,,10605,3,0,27 12,0,100,,10606,3,0,27 12,0,100,,10607,3,0,27 12,0,100,,10608,3,0,27 12,0,100,,10609,3,0,27 12,0
