1400,'1',621,,7805,22,,,0,30,,7793,22,,,0,70,,7816,22,,,0,30,,7815,22,,,0,70,,7814,22,,,0,30,,7813,22,,,0,70,,7812,22,,,0,100,,7811,22,,,0,100,,7810,22,,,0,100,,7809,22,,,0,100,,7808,22,,,0,100,,7807,22,,,0,100,,7806,22,,,0,100,,7804,22,,,0,15,,7817,11,,,0,15,,7803,22,,,0,70,,7802,22,,,0,30,,7801,22,,,0,70,,7800,22,,,0,100,,7799,22,,,0,100,,7798,22,,,0,100,,7797,22,,,0,100,,7796,22,,,0,100,,7795,22,,,0,95,,7794,22,,,0
1400,'1201',1551,,7818,22,,,0,55,,7819,11,,,0,100,,7820,11,,,0
1400,'12801',1551,,7822,22,,,0,55,,7821,11,,,0,100,,7823,11,,,0
1400,'2',621,,11468,22,,,0,100,,11477,22,,,0,100,,11476,22,,,0,100,,11475,22,,,0,100,,11474,22,,,0,100,,11473,22,,,0,100,,11472,22,,,0,100,,11471,22,,,0,100,,11470,22,,,0,100,,11469,22,,,0,100,,11467,22,,,0,100,,11466,22,,,0,100,,11465,22,,,0,100,,11464,22,,,0,100,,11463,22,,,0,100,,11462,22,,,0,100,,11461,22,,,0,100,,11460,22,,,0,95,,11459,22,,,0
1400,'3',921,,7836,22,,,0,100,,7835,22,,,0,100,,7834,22,,,0,100,,7833,22,,,0,100,,7832,22,,,0,100,,7831,22,,,0,100,,7830,22,,,0,100,,7829,22,,,0,100,,7828,22,,,0,100,,7827,22,,,0,100,,7826,22,,,0,100,,7825,22,,,0,95,,7824,22,,,0
2501,'1',720,,8591,13,0,8 9 10,0,30,,8590,13,0,8 9 10,0,70,,8589,13,0,8 9 10,0,30,,8588,13,0,8 9 10,0,792,,8587,13,0,8 9 10,0,70,,8586,13,0,8 9 10,0,30,,8585,13,0,8 9 10,0,70,,8584,13,0,8 9 10,0
2501,'1201',1612,,8592,13,0,8 9 10,0
2501,'12801',1612,,8593,13,0,8 9 10,0
51400,'1',643,,10573,7,,,0
51401,'1',643,,10574,6,,,0
