4300,'1',545,,9117,9,4,,0,70,,9118,9,4,,0,30,,9119,26,4,,0,70,,9120,26,4,,0,30,,9121,26,4,,0,70,,9122,26,4,,0,30,,9123,26,4,,0,70,,9124,26,4,,0,29,,9125,26,4,,0,70,,9126,26,4,,0,30,,9127,26,4,,0,70,,9128,26,4,,0,30,,9129,26,4,,0,70,,9130,26,4,,0,30,,9131,26,4,,0,70,,9132,26,4,,0,30,,9133,26,4,,0,70,,9134,26,4,,0,30,,9135,26,4,,0,70,,9136,26,4,,0,30,,9137,26,4,,0,70,,9138,26,4,,0,30,,9139,26,4,,0,70,,9140,26,4,,0,30,,9141,26,4,,0,70,,9142,26,4,,0,30,,9143,26,4,,0,61,,9144,26,4,,0,30,,9145,26,4,,0,100,,9146,26,4,,0,100,,9147,26,4,,0,100,,9148,26,4,,0,100,,9149,26,4,,0,100,,9150,26,4,,0
4300,'13301',2535,,9151,26,4,,0,100,,9152,26,4,,0,100,,9153,26,4,,0
4300,'2',705,,12115,26,4,,0,100,,12116,26,4,,0,100,,12117,26,4,,0,100,,12118,26,4,,0,100,,12119,26,4,,0,30,,12133,26,4,,0,70,,12120,26,4,,0,30,,12134,26,4,,0,70,,12121,26,4,,0,30,,12135,26,4,,0,70,,12122,26,4,,0,30,,12136,26,4,,0,70,,12123,26,4,,0,30,,12137,26,4,,0,70,,12124,26,4,,0,30,,12138,26,4,,0,70,,12125,26,4,,0,30,,12139,26,4,,0,70,,12126,26,4,,0,30,,12140,26,4,,0,70,,12127,26,4,,0,100,,12128,26,4,,0,100,,12129,26,4,,0,100,,12130,26,4,,0,100,,12131,26,4,,0,100,,12132,26,4,,0
4300,'3',905,,9154,26,4,,0,100,,9155,26,4,,0,100,,9156,26,4,,0,100,,9157,26,4,,0,100,,9158,26,4,,0,100,,9159,26,4,,0,100,,9160,26,4,,0,100,,9161,26,4,,0,100,,9162,26,4,,0,100,,9163,26,4,,0,100,,9164,26,4,,0,100,,9165,26,4,,0,100,,9166,26,4,,0,100,,9167,26,4,,0
4301,'1',545,,9168,1,,,0,70,,9169,1,,,0,30,,9170,1,,,0,70,,9171,1,,,0,30,,9172,1,,,0,70,,9173,1,,,0,30,,9174,1,,,0,70,,9175,1,,,0,29,,9176,1,,,0,70,,9177,1,,,0,30,,9178,1,,,0,70,,9179,1,,,0,30,,9180,1,,,0,70,,9181,1,,,0,30,,9182,1,,,0,70,,9183,1,,,0,30,,9184,1,,,0,70,,9185,1,,,0,30,,9186,1,,,0,70,,9187,1,,,0,30,,9188,1,,,0,70,,9189,1,,,0,30,,9190,1,,,0,70,,9191,1,,,0,30,,9192,1,,,0,70,,9193,1,,,0,30,,9194,1,,,0,61,,9195,1,,,0,30,,9196,1,,,0,100,,9197,1,,,0,100,,9198,1,,,0,100,,9199,1,,,0,100,,9200,1,,,0,100,,9201,1,,,0
4301,'13301',2535,,9202,1,,,0,100,,9203,1,,,0,100,,9204,1,,,0
4301,'2',705,,12141,1,,,0,100,,12142,1,,,0,100,,12143,1,,,0,100,,12144,1,,,0,100,,12145,1,,,0,30,,12159,1,,,0,70,,12146,1,,,0,30,,12160,1,,,0,70,,12147,1,,,0,30,,12161,1,,,0,70,,12148,1,,,0,30,,12162,1,,,0,70,,12149,1,,,0,30,,12163,1,,,0,70,,12150,1,,,0,30,,12164,1,,,0,70,,12151,1,,,0,30,,12165,1,,,0,70,,12152,1,,,0,30,,12166,1,,,0,70,,12153,1,,,0,100,,12154,1,,,0,100,,12155,1,,,0,100,,12156,1,,,0,100,,12157,1,,,0,100,,12158,1,,,0
4301,'3',905,,9205,1,,,0,100,,9206,1,,,0,100,,9207,1,,,0,100,,9208,1,,,0,100,,9209,1,,,0,100,,9210,1,,,0,100,,9211,1,,,0,100,,9212,1,,,0,100,,9213,1,,,0,100,,9214,1,,,0,100,,9215,1,,,0,100,,9216,1,,,0,100,,9217,1,,,0,100,,9218,1,,,0
54300,'14001',733,,10592,12,0,21 25,0,70,,10594,12,0,21 25,0,30,,10595,12,0,21 25,0,70,,10596,12,0,21 25,0
54301,'14001',1410,,10597,11,,,0,30,,10598,11,,,0,70,,10599,11,,,0,30,,10600,11,,,0,70,,10601,11,,,0,30,,10602,11,,,0
