700,'1',620,,7035,4,,,0,30,,7005,4,,,0,71,,7006,4,,,0,30,,7007,4,,,0,70,,7008,4,,,0,30,,7009,4,,,0,70,,7010,4,,,0,30,,7011,4,,,0,70,,7012,4,,,0,30,,7013,4,,,0,70,,7014,4,,,0,30,,7015,4,,,0,70,,7016,4,,,0,30,,7017,4,,,0,70,,7018,4,,,0,30,,7019,4,,,0,70,,7020,4,,,0,30,,7021,4,,,0,72,,7022,4,,,0,30,,7023,4,,,0,70,,7024,4,,,0,30,,7025,4,,,0,70,,7026,4,,,0,30,,7027,4,,,0,70,,7028,4,,,0,98,,7029,4,,,0,100,,7030,4,,,0,100,,7031,4,,,0,100,,7032,4,,,0,99,,7033,4,,,0,101,,7034,4,,,0
700,'13301',2521,,7036,4,,,0,100,,7037,4,,,0,100,,7038,4,,,0
700,'2',722,,11043,4,,,0,100,,11044,4,,,0,100,,11045,4,,,0,100,,11046,4,,,0,100,,11047,4,,,0,30,,11048,4,,,0,70,,11049,4,,,0,30,,11050,4,,,0,70,,11051,4,,,0,30,,11052,4,,,0,70,,11053,4,,,0,30,,11054,4,,,0,70,,11055,4,,,0,30,,11056,4,,,0,70,,11057,4,,,0,30,,11058,4,,,0,70,,11059,4,,,0,30,,11060,4,,,0,70,,11061,4,,,0,100,,11062,4,,,0,100,,11063,4,,,0,100,,11064,4,,,0,100,,11065,4,,,0,98,,11066,4,,,0,99,,11067,4,,,0
700,'3',922,,7039,4,,,0,100,,7040,4,,,0,100,,7041,4,,,0,100,,7042,4,,,0,100,,7043,4,,,0,100,,7044,4,,,0,100,,7045,4,,,0,100,,7046,4,,,0,100,,7047,4,,,0,100,,7048,4,,,0,100,,7049,4,,,0,100,,7050,4,,,0,101,,7051,4,,,0
2200,'1',1635,,8563,6,,,0,70,,8564,6,,,0,30,,8565,6,,,0
2200,'1201',1535,,8566,6,,,0,70,,8567,6,,,0
2200,'12801',1535,,8568,6,,,0,70,,8569,6,,,0
3000,'1',612,,8877,5,,,0,40,,8879,5,,,0,80,,8881,5,,,0,80,,8882,5,,,0,40,,8883,5,,,0,83,,8884,5,,,0,80,,8885,5,,,0,40,,8886,5,,,0,80,,8887,5,,,0,80,,8888,5,,,0,40,,8889,5,,,0,80,,8890,5,,,0,80,,8891,5,,,0,40,,8892,5,,,0,82,,8893,5,,,0,80,,8894,5,,,0,40,,8895,5,,,0,80,,8896,5,,,0,80,,8897,5,,,0,38,,8870,5,,,0,95,,8871,5,,,0,100,,8872,5,,,0,100,,8873,5,,,0,100,,8874,5,,,0,101,,8875,5,,,0
3000,'13301',2450,,8918,5,,,0,100,,8919,5,,,0,100,,8920,5,,,0
3000,'2',652,,11995,5,,,0,100,,11997,5,,,0,100,,11998,5,,,0,100,,11999,5,,,0,105,,12000,5,,,0,80,,12001,5,,,0,80,,12002,5,,,0,40,,12003,5,,,0,80,,12004,5,,,0,80,,12005,5,,,0,40,,12006,5,,,0,80,,12007,5,,,0,80,,12008,5,,,0,40,,12009,5,,,0,80,,12010,5,,,0,80,,12011,5,,,0,35,,11988,5,,,0,100,,11989,5,,,0,100,,11990,5,,,0,100,,11991,5,,,0,100,,11992,5,,,0,100,,11993,5,,,0
3000,'3',852,,8934,5,,,0,100,,8935,5,,,0,100,,8936,5,,,0,100,,8937,5,,,0,100,,8938,5,,,0,100,,8939,5,,,0,100,,8940,5,,,0,100,,8941,5,,,0,100,,8942,5,,,0,100,,8943,5,,,0,100,,8944,5,,,0,100,,8945,5,,,0,100,,8946,5,,,0
3500,'1',631,,9023,5,,,0,80,,9024,5,,,0,40,,9025,5,,,0,80,,9026,5,,,0,80,,9027,5,,,0,44,,9028,5,,,0,80,,9029,5,,,0,80,,9030,5,,,0,40,,9031,5,,,0,80,,9032,5,,,0,80,,9033,5,,,0,40,,9034,5,,,0,80,,9035,5,,,0,82,,9036,5,,,0,40,,9037,5,,,0,80,,9038,5,,,0,80,,9039,5,,,0,40,,9040,5,,,0,78,,9041,5,,,0,85,,8996,5,,,0,100,,8997,5,,,0,100,,8998,5,,,0,100,,8999,5,,,0,100,,9000,5,,,0,101,,9001,5,,,0
3500,'13301',2521,,9043,5,,,0,100,,9044,5,,,0,100,,9045,5,,,0
3500,'2',721,,12078,5,,,0,100,,12079,5,,,0,100,,12080,5,,,0,100,,12081,5,,,0,95,,12082,5,,,0,40,,12083,5,,,0,80,,12084,5,,,0,80,,12085,5,,,0,40,,12086,5,,,0,80,,12087,5,,,0,80,,12088,5,,,0,40,,12089,5,,,0,80,,12090,5,,,0,80,,12091,5,,,0,40,,12092,5,,,0,165,,12055,5,,,0,100,,12056,5,,,0,100,,12057,5,,,0,100,,12058,5,,,0,100,,12059,5,,,0,99,,12060,5,,,0
3500,'3',921,,9059,5,,,0,100,,9060,5,,,0,100,,9061,5,,,0,100,,9062,5,,,0,100,,9063,5,,,0,100,,9064,5,,,0,100,,9065,5,,,0,100,,9066,5,,,0,100,,9067,5,,,0,100,,9068,5,,,0,100,,9071,5,,,0,100,,9072,5,,,0,99,,9073,5,,,0
