601,'1',543,,6986,3,0,18 19,0,70,,6987,3,0,18 19,0,30,,6955,3,0,18 19,0,70,,6956,3,0,18 19,0,30,,6957,3,0,18 19,0,70,,6958,3,0,18 19,0,30,,6959,3,0,18 19,0,70,,6960,3,0,18 19,0,30,,6961,3,0,18 19,0,70,,6962,3,0,18 19,0,30,,6963,3,0,18 19,0,70,,6964,3,0,18 19,0,30,,6965,3,0,18 19,0,70,,6966,3,0,18 19,0,30,,6967,3,0,18 19,0,70,,6968,3,0,18 19,0,30,,6969,3,0,18 19,0,70,,6970,3,0,18 19,0,30,,6971,3,0,18 19,0,70,,6972,3,0,18 19,0,30,,6973,3,0,18 19,0,70,,6974,3,0,18 19,0,30,,6975,3,0,18 19,0,70,,6976,3,0,18 19,0,30,,6977,3,0,18 19,0,70,,6978,3,0,18 19,0,30,,6979,3,0,18 19,0,72,,6980,3,0,18 19,0,100,,6981,3,0,18 19,0,100,,6982,3,0,18 19,0,100,,6983,3,0,18 19,0,100,,6984,3,0,18 19,0,95,,6985,3,0,18 19,0
601,'13301',2515,,6988,3,0,18 19,0,100,,6989,3,0,18 19,0,100,,6990,3,0,18 19,0
601,'2',615,,11016,3,0,18 19,0,100,,11017,3,0,18 19,0,100,,11018,3,0,18 19,0,100,,11019,3,0,18 19,0,100,,11020,3,0,18 19,0,100,,11021,3,0,18 19,0,28,,11022,3,0,18 19,0,70,,11023,3,0,18 19,0,30,,11024,3,0,18 19,0,70,,11025,3,0,18 19,0,30,,11026,3,0,18 19,0,70,,11027,3,0,18 19,0,30,,11028,3,0,18 19,0,70,,11029,3,0,18 19,0,30,,11030,3,0,18 19,0,70,,11031,3,0,18 19,0,30,,11032,3,0,18 19,0,70,,11033,3,0,18 19,0,30,,11034,3,0,18 19,0,70,,11035,3,0,18 19,0,30,,11036,3,0,18 19,0,72,,11037,3,0,18 19,0,100,,11038,3,0,18 19,0,100,,11039,3,0,18 19,0,100,,11040,3,0,18 19,0,100,,11041,3,0,18 19,0,95,,11042,3,0,18 19,0
601,'3',815,,6991,3,0,18 19,0,100,,6992,3,0,18 19,0,100,,6993,3,0,18 19,0,100,,6994,3,0,18 19,0,100,,6995,3,0,18 19,0,100,,6996,3,0,18 19,0,100,,6997,3,0,18 19,0,100,,6998,3,0,18 19,0,100,,6999,3,0,18 19,0,100,,7000,3,0,18 19,0,100,,7001,3,0,18 19,0,100,,7002,3,0,18 19,0,100,,7003,3,0,18 19,0,95,,7004,3,0,18 19,0
1601,'1',556,,8062,3,,,0,72,,8057,3,,,0,72,,8037,3,,,0,32,,8038,3,,,0,72,,8039,3,,,0,32,,8040,3,,,0,72,,8041,3,,,0,32,,8042,3,,,0,72,,8043,3,,,0,32,,8044,3,,,0,72,,8063,3,,,0,32,,8045,3,,,0,72,,8046,3,,,0,32,,8047,3,,,0,72,,8048,3,,,0,32,,8049,3,,,0,72,,8050,3,,,0,72,,8051,3,,,0,32,,8052,3,,,0,72,,8053,3,,,0,32,,8054,3,,,0,72,,8064,3,,,0,32,,8055,3,,,0,72,,8065,3,,,0,32,,8056,3,,,0,103,,8058,3,,,0,100,,8059,3,,,0,100,,8060,3,,,0,100,,8061,3,,,0,100,,8066,3,,,0
1601,'13301',2447,,8067,3,,,0,100,,8068,3,,,0,100,,8069,3,,,0
1601,'2',553,,11608,3,,,0,100,,11609,3,,,0,100,,11610,3,,,0,100,,11611,3,,,0,100,,11612,3,,,0,100,,11613,3,,,0,74,,11614,3,,,0,32,,11615,3,,,0,72,,11616,3,,,0,72,,11617,3,,,0,32,,11618,3,,,0,72,,11619,3,,,0,32,,11620,3,,,0,72,,11621,3,,,0,32,,11622,3,,,0,72,,11623,3,,,0,32,,11624,3,,,0,72,,11625,3,,,0,32,,11626,3,,,0,72,,11627,3,,,0,102,,11628,3,,,0,100,,11629,3,,,0,100,,11630,3,,,0,100,,11631,3,,,0,100,,11632,3,,,0
1601,'3',849,,8070,3,,,0,100,,8071,3,,,0,100,,8072,3,,,0,100,,8073,3,,,0,100,,8074,3,,,0,100,,8075,3,,,0,100,,8076,3,,,0,100,,8077,3,,,0,100,,8078,3,,,0,100,,8079,3,,,0,100,,8080,3,,,0,100,,8081,3,,,0,100,,8082,3,,,0
1901,'1',636,,8515,27,,,0,70,,8516,27,,,0,30,,8517,27,,,0,70,,8518,27,,,0,30,,8519,27,,,0,70,,8520,27,,,0,30,,8521,27,,,0,70,,8522,27,,,0,30,,8523,27,,,0,70,,8524,27,,,0,30,,8525,27,,,0,70,,8526,27,,,0,30,,8527,27,,,0,70,,8528,27,,,0,30,,8529,27,,,0,70,,8530,27,,,0,30,,8531,27,,,0,70,,8532,27,,,0,30,,8533,27,,,0,70,,8534,27,,,0,30,,8535,27,,,0,70,,8536,27,,,0,30,,8537,27,,,0,70,,8538,27,,,0,30,,8545,27,,,0,100,,8539,27,,,0,100,,8540,27,,,0,100,,8541,27,,,0,100,,8542,27,,,0,100,,8543,27,,,0
1901,'13301',2536,,8546,27,,,0,100,,8547,27,,,0,100,,8548,27,,,0
1901,'2',637,,11829,3,,,0,99,,11853,27,,,0,100,,11852,27,,,0,100,,11851,27,,,0,100,,11850,27,,,0,71,,11828,3,,,0,29,,11849,27,,,0,70,,11848,27,,,0,30,,11847,27,,,0,70,,11846,27,,,0,30,,11845,27,,,0,70,,11844,27,,,0,30,,11843,27,,,0,70,,11842,27,,,0,30,,11841,27,,,0,70,,11840,27,,,0,30,,11839,27,,,0,70,,11838,27,,,0,30,,11837,27,,,0,70,,11836,27,,,0,30,,11854,27,,,0,100,,11835,27,,,0,100,,11834,27,,,0,100,,11833,27,,,0,100,,11832,27,,,0,100,,11831,27,,,0
1901,'3',837,,8549,3,,,0,99,,8561,27,,,0,100,,8560,27,,,0,100,,8559,27,,,0,100,,8558,27,,,0,100,,8557,27,,,0,100,,8556,27,,,0,100,,8555,27,,,0,100,,8554,27,,,0,100,,8553,27,,,0,100,,8562,27,,,0,100,,8552,27,,,0,100,,8551,27,,,0
