801,'1',602,,7322,2,,,0,10,,7323,2,,,0,10,,7324,2,,,0,10,,7325,2,,,0,10,,7234,2,,,0,10,,7237,2,,,0,50,,7240,2,,,0,10,,7243,2,,,0,10,,7245,2,,,0,10,,7235,2,,,0,10,,7238,2,,,0,10,,7241,2,,,0,50,,7244,2,,,0,10,,7246,2,,,0,10,,7236,2,,,0,10,,7239,2,,,0,10,,7242,2,,,0,10,,7298,2,,,0,50,,7299,2,,,0,10,,7300,2,,,0,10,,7301,2,,,0,10,,7247,2,,,0,10,,7254,2,,,0,10,,7261,2,,,0,50,,7268,2,,,0,10,,7274,2,,,0,10,,7248,2,,,0,10,,7255,2,,,0,10,,7262,2,,,0,10,,7269,2,,,0,50,,7275,2,,,0,10,,7249,2,,,0,10,,7256,2,,,0,10,,7263,2,,,0,10,,7270,2,,,0,10,,7276,2,,,0,50,,7250,2,,,0,10,,7257,2,,,0,10,,7264,2,,,0,10,,7271,2,,,0,10,,7277,2,,,0,10,,7251,2,,,0,50,,7258,2,,,0,10,,7265,2,,,0,10,,7272,2,,,0,10,,7278,2,,,0,10,,7252,2,,,0,10,,7259,2,,,0,50,,7266,2,,,0,10,,7273,2,,,0,10,,7279,2,,,0,10,,7253,2,,,0,10,,7260,2,,,0,10,,7267,2,,,0,50,,7302,2,,,0,10,,7303,2,,,0,10,,7304,2,,,0,11,,7280,2,,,0,10,,7284,2,,,0,10,,7288,2,,,0,50,,7292,2,,,0,10,,7295,2,,,0,10,,7281,2,,,0,10,,7285,2,,,0,10,,7289,2,,,0,10,,7293,2,,,0,50,,7296,2,,,0,10,,7282,2,,,0,10,,7286,2,,,0,10,,7290,2,,,0,10,,7294,2,,,0,10,,7297,2,,,0,50,,7283,2,,,0,10,,7287,2,,,0,10,,7291,2,,,0,10,,7305,2,,,0,18,,7307,2,,,0,60,,7306,2,,,0,22,,7308,2,,,0,22,,7309,2,,,0,62,,7310,2,,,0,22,,7311,2,,,0,62,,7312,2,,,0,22,,7313,2,,,0,22,,7314,2,,,0,62,,7315,2,,,0,22,,7316,2,,,0,22,,7317,2,,,0,62,,7318,2,,,0,22,,7319,2,,,0,22,,7320,2,,,0,62,,7321,2,,,0
801,'13301',2441,,7326,2,,,0,62,,7327,2,,,0,22,,7328,2,,,0,22,,7329,2,,,0,62,,7330,2,,,0,22,,7331,2,,,0,22,,7332,2,,,0,62,,7333,2,,,0
801,'2',602,,11174,2,,,0,22,,11161,2,,,0,22,,11162,2,,,0,62,,11163,2,,,0,22,,11164,2,,,0,22,,11165,2,,,0,62,,11166,2,,,0,22,,11167,2,,,0,22,,11168,2,,,0,62,,11169,2,,,0,22,,11170,2,,,0,62,,11171,2,,,0,22,,11172,2,,,0,22,,11173,2,,,0,62,,11175,2,,,0,13,,11176,2,,,0,12,,11177,2,,,0,12,,11178,2,,,0,12,,11179,2,,,0,52,,11180,2,,,0,12,,11181,2,,,0,12,,11182,2,,,0,12,,11183,2,,,0,12,,11184,2,,,0,52,,11185,2,,,0,12,,11186,2,,,0,12,,11187,2,,,0,12,,11188,2,,,0,12,,11189,2,,,0,52,,11190,2,,,0,12,,11191,2,,,0,12,,11192,2,,,0,12,,11193,2,,,0,12,,11194,2,,,0,52,,11195,2,,,0,12,,11196,2,,,0,12,,11197,2,,,0,12,,11198,2,,,0,12,,11199,2,,,0,52,,11200,2,,,0,12,,11201,2,,,0,12,,11202,2,,,0,12,,11203,2,,,0,12,,11204,2,,,0,52,,11205,2,,,0,12,,11206,2,,,0,12,,11207,2,,,0,12,,11208,2,,,0,12,,11209,2,,,0,52,,11210,2,,,0,12,,11211,2,,,0,12,,11212,2,,,0,12,,11213,2,,,0,62,,11214,2,,,0,22,,11215,2,,,0,22,,11216,2,,,0,62,,11217,2,,,0,22,,11218,2,,,0,22,,11219,2,,,0,62,,11220,2,,,0,22,,11221,2,,,0,62,,11222,2,,,0,22,,11223,2,,,0,22,,11224,2,,,0,62,,11225,2,,,0,22,,11226,2,,,0,22,,11227,2,,,0,62,,11228,2,,,0
801,'3',825,,7334,2,,,0,22,,7335,2,,,0,62,,7336,2,,,0,22,,7337,2,,,0,22,,7338,2,,,0,62,,7339,2,,,0,22,,7340,2,,,0,22,,7341,2,,,0,62,,7342,2,,,0,22,,7343,2,,,0,62,,7344,2,,,0,22,,7345,2,,,0,22,,7346,2,,,0,62,,7347,2,,,0,22,,7348,2,,,0,22,,7349,2,,,0,62,,7350,2,,,0,22,,7351,2,,,0,62,,7352,2,,,0,22,,7353,2,,,0,22,,7354,2,,,0,62,,7355,2,,,0,22,,7356,2,,,0,22,,7357,2,,,0,62,,7358,2,,,0,22,,7359,2,,,0,22,,7360,2,,,0,62,,7361,2,,,0,22,,7362,2,,,0,62,,7363,2,,,0,22,,7364,2,,,0,22,,7365,2,,,0,62,,7366,2,,,0,22,,7367,2,,,0,22,,7368,2,,,0,62,,7369,2,,,0
5001,'1',618,,9539,18,,,0,30,,9540,18,,,0,70,,9511,18,,,0,30,,9512,18,,,0,70,,9513,18,,,0,30,,9514,18,,,0,70,,9515,18,,,0,30,,9516,18,,,0,70,,9517,18,,,0,30,,9518,18,,,0,70,,9519,18,,,0,30,,9520,18,,,0,70,,9521,18,,,0,30,,9522,18,,,0,70,,9523,18,,,0,30,,9524,18,,,0,70,,9525,18,,,0,30,,9526,18,,,0,75,,9527,18,,,0,26,,9528,18,,,0,70,,9529,18,,,0,30,,9530,18,,,0,70,,9531,18,,,0,30,,9532,18,,,0,70,,9533,18,,,0,30,,9541,18,,,0,69,,9534,18,,,0,100,,9535,18,,,0,100,,9536,18,,,0,100,,9537,18,,,0,100,,9538,18,,,0,100,,9542,18,,,0
5001,'13301',2518,,9543,18,,,0,100,,9544,18,,,0,100,,9545,18,,,0
5001,'2',623,,12298,18,,,0,100,,12299,18,,,0,100,,12300,18,,,0,100,,12301,18,,,0,100,,12302,18,,,0,96,,12303,18,,,0,40,,12304,18,,,0,80,,12305,18,,,0,80,,12306,18,,,0,40,,12307,18,,,0,80,,12308,18,,,0,80,,12309,18,,,0,40,,12310,18,,,0,80,,12311,18,,,0,80,,12312,18,,,0,40,,12313,18,,,0,80,,12314,18,,,0,84,,12315,18,,,0,100,,12316,18,,,0,100,,12317,18,,,0,100,,12318,18,,,0,100,,12319,18,,,0,106,,12320,18,,,0
5001,'3',926,,9549,18,,,0,100,,9550,18,,,0,100,,9551,18,,,0,100,,9552,18,,,0,100,,9553,18,,,0,100,,9554,18,,,0,100,,9555,18,,,0,100,,9556,18,,,0,100,,9557,18,,,0,100,,9558,18,,,0,100,,9546,18,,,0,100,,9547,18,,,0,99,,9548,18,,,0
5501,'1',604,,9638,19,,,0,30,,9637,19,,,0,70,,9608,19,,,0,30,,9609,19,,,0,70,,9610,19,,,0,30,,9611,19,,,0,70,,9612,19,,,0,30,,9613,19,,,0,70,,9614,19,,,0,30,,9615,19,,,0,70,,9616,19,,,0,30,,9617,19,,,0,70,,9618,19,,,0,30,,9619,19,,,0,70,,9620,19,,,0,30,,9621,19,,,0,70,,9622,19,,,0,30,,9623,19,,,0,70,,9624,19,,,0,34,,9625,19,,,0,70,,9626,19,,,0,30,,9627,19,,,0,70,,9628,19,,,0,30,,9629,19,,,0,70,,9630,19,,,0,30,,9631,19,,,0,70,,9639,19,,,0,40,,9632,19,,,0,100,,9633,19,,,0,100,,9634,19,,,0,100,,9635,19,,,0,100,,9636,19,,,0
5501,'13301',2548,,9640,19,,,0,100,,9641,19,,,0,100,,9642,19,,,0
5501,'2',657,,12365,19,,,0,100,,12344,19,,,0,100,,12345,19,,,0,100,,12346,19,,,0,100,,12347,19,,,0,91,,12348,19,,,0,75,,12349,19,,,0,80,,12350,19,,,0,40,,12351,19,,,0,80,,12352,19,,,0,80,,12353,19,,,0,40,,12354,19,,,0,80,,12355,19,,,0,80,,12356,19,,,0,40,,12357,19,,,0,80,,12358,19,,,0,78,,12359,19,,,0,56,,12360,19,,,0,100,,12361,19,,,0,100,,12362,19,,,0,100,,12363,19,,,0,100,,12364,19,,,0
5501,'3',957,,9643,19,,,0,100,,9644,19,,,0,100,,9645,19,,,0,100,,9646,19,,,0,100,,9647,19,,,0,100,,9648,19,,,0,100,,9649,19,,,0,100,,9650,19,,,0,100,,9651,19,,,0,100,,9652,19,,,0,100,,9653,19,,,0,100,,9654,19,,,0,94,,9655,19,,,0
122500,'13802',1113,,12795,3,,,0,100,,12796,3,,,0,100,,12797,3,,,0,100,,12798,3,,,0,100,,12799,3,,,0,100,,12800,3,,,0,100,,12801,3,,,0
122500,'13803',1113,,10610,3,,,0,100,,10611,3,,,0,100,,10612,3,,,0,100,,10613,3,,,0,100,,10614,3,,,0,100,,10615,3,,,0,100,,10616,3,,,0
