1000,'1',645,,7469,17,,,0,62,,7470,17,,,0,22,,7471,17,,,0,22,,7472,17,,,0,62,,7473,17,,,0,22,,7474,17,,,0,22,,7475,17,,,0,62,,7476,17,,,0,22,,7477,17,,,0,62,,7478,17,,,0,22,,7479,17,,,0,22,,7480,17,,,0,62,,7481,17,,,0,22,,7482,17,,,0,22,,7483,17,,,0,62,,7484,17,,,0,22,,7495,17,,,0,22,,7496,17,,,0,62,,7497,17,,,0,22,,7498,17,,,0,62,,7499,17,,,0,22,,7500,17,,,0,22,,7501,17,,,0,62,,7502,17,,,0,22,,7503,17,,,0,22,,7504,17,,,0,62,,7505,17,,,0,22,,7506,17,,,0,62,,7507,17,,,0,22,,7508,17,,,0,22,,7509,17,,,0,62,,7510,17,,,0,22,,7485,17,,,0,22,,7486,17,,,0,80,,7487,17,,,0,80,,7488,17,,,0,40,,7489,17,,,0,80,,7490,17,,,0,80,,7491,17,,,0,40,,7492,17,,,0,80,,7493,17,,,0,80,,7494,17,,,0,40,,7511,17,,,0
1000,'13301',2531,,7512,17,,,0,80,,7513,17,,,0,40,,7514,17,,,0,80,,7515,17,,,0
1000,'2',645,,11282,17,,,0,80,,11283,17,,,0,80,,11284,17,,,0,40,,11285,17,,,0,80,,11286,17,,,0,80,,11287,17,,,0,40,,11288,17,,,0,80,,11289,17,,,0,25,,11290,17,,,0,60,,11291,17,,,0,22,,11292,17,,,0,22,,11293,17,,,0,62,,11294,17,,,0,22,,11295,17,,,0,62,,11296,17,,,0,22,,11297,17,,,0,22,,11298,17,,,0,62,,11299,17,,,0,22,,11300,17,,,0,22,,11301,17,,,0,62,,11302,17,,,0,22,,11303,17,,,0,22,,11304,17,,,0,62,,11305,17,,,0,22,,11306,17,,,0,62,,11307,17,,,0,20,,11308,17,,,0,22,,11309,17,,,0,78,,11310,17,,,0,80,,11311,17,,,0,40,,11312,17,,,0,80,,11313,17,,,0,80,,11314,17,,,0,40,,11315,17,,,0,80,,11316,17,,,0,80,,11317,17,,,0,40,,11318,17,,,0
1000,'3',838,,7516,17,,,0,80,,7517,17,,,0,40,,7518,17,,,0,80,,7519,17,,,0,80,,7520,17,,,0,40,,7521,17,,,0,80,,7522,17,,,0,80,,7523,17,,,0,40,,7524,17,,,0,80,,7525,17,,,0,80,,7526,17,,,0,40,,7527,17,,,0,80,,7528,17,,,0,80,,7529,17,,,0,40,,7530,17,,,0,80,,7531,17,,,0,80,,7532,17,,,0,40,,7533,17,,,0,80,,7534,17,,,0,80,,7535,17,,,0
1901,'1',642,,8515,34,,,0,70,,8516,34,,,0,30,,8517,34,,,0,70,,8518,34,,,0,30,,8519,34,,,0,70,,8520,34,,,0,30,,8521,34,,,0,70,,8522,34,,,0,30,,8523,34,,,0,70,,8524,34,,,0,30,,8525,34,,,0,70,,8526,34,,,0,30,,8527,34,,,0,70,,8528,34,,,0,30,,8529,34,,,0,70,,8530,34,,,0,30,,8531,34,,,0,70,,8532,34,,,0,30,,8533,34,,,0,70,,8534,34,,,0,30,,8535,34,,,0,70,,8536,34,,,0,30,,8537,34,,,0,70,,8538,34,,,0,30,,8545,34,,,0,99,,8539,34,,,0,100,,8540,34,,,0,100,,8541,34,,,0,100,,8542,34,,,0,100,,8543,34,,,0
1901,'13301',2541,,8546,34,,,0,100,,8547,34,,,0,100,,8548,34,,,0
1901,'2',642,,11829,10,,,0,99,,11853,34,,,0,100,,11852,34,,,0,100,,11851,34,,,0,100,,11850,34,,,0,71,,11828,10,,,0,29,,11849,34,,,0,70,,11848,34,,,0,30,,11847,34,,,0,70,,11846,34,,,0,30,,11845,34,,,0,70,,11844,34,,,0,30,,11843,34,,,0,70,,11842,34,,,0,30,,11841,34,,,0,70,,11840,34,,,0,30,,11839,34,,,0,70,,11838,34,,,0,30,,11837,34,,,0,70,,11836,34,,,0,30,,11854,34,,,0,100,,11835,34,,,0,100,,11834,34,,,0,100,,11833,34,,,0,100,,11832,34,,,0,100,,11831,34,,,0
1901,'3',841,,8549,10,,,0,100,,8561,34,,,0,100,,8560,34,,,0,100,,8559,34,,,0,100,,8558,34,,,0,100,,8557,34,,,0,100,,8556,34,,,0,100,,8555,34,,,0,100,,8554,34,,,0,100,,8553,34,,,0,100,,8562,34,,,0,100,,8552,34,,,0,100,,8551,34,,,0
8300,'1',713,,10210,17,,,0,28,,10184,17,,,0,68,,10185,17,,,0,28,,10186,17,,,0,68,,10187,17,,,0,28,,10188,17,,,0,68,,10189,17,,,0,28,,10190,17,,,0,28,,10191,17,,,0,68,,10192,17,,,0,28,,10193,17,,,0,68,,10194,17,,,0,28,,10195,17,,,0,68,,10196,17,,,0,28,,10197,17,,,0,68,,10198,17,,,0,28,,10199,17,,,0,68,,10200,17,,,0,28,,10201,17,,,0,68,,10202,17,,,0,28,,10203,17,,,0,68,,10204,17,,,0,28,,10205,17,,,0,28,,10206,17,,,0,68,,10207,17,,,0,28,,10208,17,,,0,68,,10209,17,,,0
8701,'1',719,,10497,10,,,0,28,,10498,10,,,0,68,,10499,10,,,0,28,,10500,10,,,0,68,,10501,10,,,0,28,,10502,10,,,0,68,,10503,10,,,0,26,,10504,10,,,0,67,,10505,10,,,0,33,,10506,10,,,0,75,,10507,10,,,0,35,,10508,10,,,0,75,,10509,10,,,0,35,,10510,10,,,0,75,,10511,10,,,0,30,,10512,10,,,0,73,,10513,10,,,0,70,,10514,10,,,0,28,,10515,10,,,0,28,,10516,10,,,0,68,,10517,10,,,0,28,,10518,10,,,0,68,,10519,10,,,0,28,,10520,10,,,0
33601,'1201',1536,,10564,12,,,0
