1600,'1',626,,7990,3,,,0,32,,7991,3,,,0,72,,7992,3,,,0,72,,7993,3,,,0,32,,7994,3,,,0,72,,7995,3,,,0,32,,7996,3,,,0,72,,7997,3,,,0,32,,7998,3,,,0,72,,7999,3,,,0,32,,8000,3,,,0,72,,8010,3,,,0,32,,8011,3,,,0,72,,8001,3,,,0,32,,8002,3,,,0,72,,8003,3,,,0,32,,8004,3,,,0,72,,8005,3,,,0,72,,8006,3,,,0,32,,8007,3,,,0,72,,8008,3,,,0,32,,8012,3,,,0,72,,8009,3,,,0,32,,8013,3,,,0,75,,8014,3,,,0,100,,8015,3,,,0,100,,8016,3,,,0,100,,8017,3,,,0,100,,8018,3,,,0,100,,8019,3,,,0
1600,'13301',2517,,8020,3,,,0,100,,8021,3,,,0,100,,8022,3,,,0
1600,'2',621,,11583,3,,,0,100,,11584,3,,,0,100,,11585,3,,,0,100,,11586,3,,,0,100,,11587,3,,,0,102,,11588,3,,,0,34,,11589,3,,,0,72,,11590,3,,,0,72,,11591,3,,,0,32,,11592,3,,,0,72,,11593,3,,,0,32,,11594,3,,,0,72,,11595,3,,,0,32,,11596,3,,,0,72,,11597,3,,,0,32,,11598,3,,,0,72,,11599,3,,,0,32,,11600,3,,,0,72,,11601,3,,,0,32,,11602,3,,,0,100,,11603,3,,,0,100,,11604,3,,,0,100,,11605,3,,,0,100,,11606,3,,,0,100,,11607,3,,,0
1600,'3',817,,8036,3,,,0,100,,8023,3,,,0,100,,8024,3,,,0,100,,8025,3,,,0,100,,8026,3,,,0,100,,8027,3,,,0,100,,8028,3,,,0,100,,8029,3,,,0,100,,8030,3,,,0,100,,8031,3,,,0,100,,8032,3,,,0,100,,8033,3,,,0,100,,8034,3,,,0,101,,8035,3,,,0
4300,'1',618,,9119,3,,,0,30,,9120,3,,,0,66,,9121,3,,,0,30,,9122,3,,,0,70,,9123,3,,,0,30,,9124,3,,,0,69,,9125,3,,,0,27,,9126,3,,,0,70,,9127,3,,,0,30,,9128,3,,,0,70,,9129,3,,,0,30,,9130,3,,,0,70,,9131,3,,,0,30,,9132,3,,,0,70,,9133,3,,,0,30,,9134,3,,,0,70,,9135,3,,,0,30,,9136,3,,,0,67,,9137,3,,,0,30,,9138,3,,,0,70,,9139,3,,,0,30,,9140,3,,,0,70,,9141,3,,,0,30,,9142,3,,,0,70,,9143,3,,,0,30,,9144,3,,,0,70,,9145,3,,,0,100,,9146,3,,,0,100,,9147,3,,,0,100,,9148,3,,,0,100,,9149,3,,,0,100,,9150,3,,,0
4300,'13301',2507,,9151,3,,,0,100,,9152,3,,,0,100,,9153,3,,,0
4300,'2',637,,12115,3,,,0,100,,12116,3,,,0,100,,12117,3,,,0,100,,12118,3,,,0,100,,12119,3,,,0,70,,12133,3,,,0,30,,12120,3,,,0,70,,12134,3,,,0,30,,12121,3,,,0,70,,12135,3,,,0,30,,12122,3,,,0,70,,12136,3,,,0,30,,12123,3,,,0,70,,12137,3,,,0,30,,12124,3,,,0,70,,12138,3,,,0,30,,12125,3,,,0,70,,12139,3,,,0,30,,12126,3,,,0,70,,12140,3,,,0,30,,12127,3,,,0,100,,12128,3,,,0,100,,12129,3,,,0,100,,12130,3,,,0,100,,12131,3,,,0,100,,12132,3,,,0
4300,'3',837,,9154,3,,,0,100,,9155,3,,,0,100,,9156,3,,,0,100,,9157,3,,,0,100,,9158,3,,,0,100,,9159,3,,,0,100,,9160,3,,,0,100,,9161,3,,,0,100,,9162,3,,,0,100,,9163,3,,,0,100,,9164,3,,,0,100,,9165,3,,,0,100,,9166,3,,,0,100,,9167,3,,,0
4400,'1',625,,9221,3,,,0,30,,9222,3,,,0,66,,9223,3,,,0,30,,9224,3,,,0,70,,9225,3,,,0,30,,9226,3,,,0,69,,9227,3,,,0,28,,9228,3,,,0,70,,9229,3,,,0,30,,9230,3,,,0,70,,9231,3,,,0,30,,9232,3,,,0,70,,9233,3,,,0,30,,9234,3,,,0,70,,9235,3,,,0,30,,9236,3,,,0,70,,9237,3,,,0,30,,9238,3,,,0,67,,9239,3,,,0,30,,9240,3,,,0,70,,9241,3,,,0,30,,9242,3,,,0,70,,9243,3,,,0,30,,9244,3,,,0,102,,9245,3,,,0,100,,9246,3,,,0,100,,9247,3,,,0,100,,9248,3,,,0,100,,9249,3,,,0,101,,9250,3,,,0
4400,'13301',2447,,9251,3,,,0,100,,9252,3,,,0,100,,9253,3,,,0
4400,'2',717,,12176,3,,,0,100,,12175,3,,,0,100,,12174,3,,,0,100,,12173,3,,,0,100,,12178,3,,,0,30,,12179,3,,,0,70,,12180,3,,,0,30,,12181,3,,,0,70,,12182,3,,,0,30,,12183,3,,,0,70,,12184,3,,,0,30,,12185,3,,,0,70,,12186,3,,,0,30,,12187,3,,,0,70,,12188,3,,,0,30,,12189,3,,,0,70,,12190,3,,,0,30,,12191,3,,,0,70,,12192,3,,,0,30,,12193,3,,,0,70,,12172,3,,,0,100,,12171,3,,,0,100,,12170,3,,,0,100,,12169,3,,,0,100,,12168,3,,,0,100,,12167,3,,,0
4400,'3',917,,9266,3,,,0,100,,9265,3,,,0,100,,9261,3,,,0,100,,9260,3,,,0,100,,9259,3,,,0,100,,9258,3,,,0,100,,9257,3,,,0,100,,9256,3,,,0,100,,9255,3,,,0,100,,9254,3,,,0,100,,9264,3,,,0,100,,9263,3,,,0,100,,9262,3,,,0
4500,'1',603,,9318,3,,,0,29,,9319,3,,,0,26,,9320,3,,,0,70,,9321,3,,,0,30,,9322,3,,,0,70,,9323,3,,,0,30,,9324,3,,,0,69,,9325,3,,,0,30,,9326,3,,,0,70,,9327,3,,,0,30,,9328,3,,,0,70,,9329,3,,,0,30,,9330,3,,,0,70,,9331,3,,,0,30,,9332,3,,,0,70,,9333,3,,,0,30,,9334,3,,,0,70,,9335,3,,,0,30,,9336,3,,,0,66,,9337,3,,,0,30,,9338,3,,,0,70,,9339,3,,,0,30,,9340,3,,,0,70,,9341,3,,,0,93,,9342,3,,,0,111,,9343,3,,,0,100,,9344,3,,,0,100,,9345,3,,,0,100,,9346,3,,,0,100,,9347,3,,,0
4500,'13301',2427,,9348,3,,,0,100,,9349,3,,,0,100,,9350,3,,,0
4500,'2',657,,12230,3,,,0,100,,12229,3,,,0,100,,12228,3,,,0,100,,12227,3,,,0,100,,12221,3,,,0,70,,12232,3,,,0,30,,12233,3,,,0,70,,12234,3,,,0,30,,12235,3,,,0,70,,12236,3,,,0,30,,12237,3,,,0,70,,12238,3,,,0,30,,12239,3,,,0,70,,12240,3,,,0,30,,12241,3,,,0,70,,12242,3,,,0,30,,12243,3,,,0,70,,12244,3,,,0,30,,12245,3,,,0,70,,12246,3,,,0,30,,12247,3,,,0,100,,12226,3,,,0,100,,12225,3,,,0,100,,12224,3,,,0,100,,12223,3,,,0,100,,12222,3,,,0
4500,'3',857,,9363,3,,,0,100,,9362,3,,,0,100,,9351,3,,,0,100,,9361,3,,,0,100,,9360,3,,,0,100,,9359,3,,,0,100,,9358,3,,,0,100,,9357,3,,,0,100,,9356,3,,,0,100,,9355,3,,,0,100,,9354,3,,,0,101,,9353,3,,,0,99,,9352,3,,,0
4600,'1',610,,9412,3,,,0,29,,9413,3,,,0,66,,9414,3,,,0,30,,9415,3,,,0,70,,9416,3,,,0,30,,9417,3,,,0,71,,9418,3,,,0,29,,9419,3,,,0,70,,9420,3,,,0,30,,9421,3,,,0,70,,9422,3,,,0,30,,9423,3,,,0,70,,9424,3,,,0,30,,9425,3,,,0,70,,9426,3,,,0,30,,9427,3,,,0,70,,9428,3,,,0,29,,9429,3,,,0,25,,9430,3,,,0,70,,9431,3,,,0,30,,9432,3,,,0,70,,9433,3,,,0,30,,9434,3,,,0,70,,9435,3,,,0,30,,9436,3,,,0
