401,'1',604,,6578,8,,,0,7,,6579,8,,,0,8,,6580,8,,,0,7,,6581,8,,,0,8,,6582,8,,,0,7,,6583,8,,,0,8,,6584,8,,,0,7,,6585,8,,,0,48,,6586,8,,,0,11,,6587,8,,,0,8,,6618,8,,,0,7,,6588,8,,,0,8,,6589,8,,,0,7,,6615,8,,,0,8,,6590,8,,,0,47,,6591,8,,,0,8,,6592,8,,,0,7,,6593,8,,,0,8,,6619,8,,,0,7,,6594,8,,,0,8,,6595,8,,,0,7,,6596,8,,,0,8,,6597,8,,,0,47,,6598,8,,,0,8,,6617,8,,,0,7,,6616,8,,,0,8,,6599,8,,,0,7,,6600,8,,,0,8,,6602,8,,,0,5,,6603,8,,,0,8,,6604,8,,,0,7,,6601,8,,,0,48,,6605,8,,,0,7,,6606,8,,,0,8,,6609,8,,,0,7,,6608,8,,,0,8,,6607,8,,,0,7,,6620,8,,,0,8,,6610,8,,,0,7,,6611,8,,,0,48,,6612,8,,,0,7,,6613,8,,,0,8,,6614,8,,,0,7,,6621,8,,,0,8,,6622,8,,,0,7,,6623,8,,,0,8,,6624,8,,,0,7,,6625,8,,,0,48,,6626,8,,,0,7,,6627,8,,,0,8,,6633,8,,,0,7,,6628,8,,,0,8,,6629,8,,,0,7,,6630,8,,,0,8,,6631,8,,,0,7,,6632,8,,,0,48,,6634,8,,,0,7,,6635,8,,,0,8,,6636,8,,,0,7,,6637,8,,,0,8,,6638,8,,,0,7,,6639,8,,,0,8,,6640,8,,,0,7,,6641,8,,,0,48,,6642,8,,,0,7,,6643,8,,,0,8,,6644,8,,,0,7,,6645,8,,,0,8,,6646,8,,,0,7,,6647,8,,,0,8,,6648,8,,,0,7,,6649,8,,,0,48,,6650,8,,,0,6,,6651,8,,,0,8,,6652,8,,,0,7,,6653,8,,,0,8,,6654,8,,,0,7,,6655,8,,,0,8,,6656,8,,,0,7,,6657,8,,,0,48,,6658,8,,,0,7,,6659,8,,,0,8,,6660,8,,,0,7,,6661,8,,,0,8,,6662,8,,,0,7,,6663,8,,,0,8,,6664,8,,,0,7,,6665,8,,,0,48,,6666,8,,,0,7,,6667,8,,,0,8,,6668,8,,,0,7,,6669,8,,,0,8,,6670,8,,,0,7,,6671,8,,,0,8,,6672,8,,,0,7,,6673,8,,,0,48,,6674,8,,,0,7,,6675,8,,,0,8,,6676,8,,,0,7,,6677,8,,,0,8,,6678,8,,,0,6,,6679,8,,,0,15,,6690,8,,,0,48,,6689,8,,,0,7,,6696,8,,,0,22,,6680,8,,,0,23,,6691,8,,,0,57,,6697,8,,,0,20,,6681,8,,,0,23,,6692,8,,,0,57,,6682,8,,,0,20,,6683,8,,,0,23,,6693,8,,,0,57,,6684,8,,,0,20,,6685,8,,,0,23,,6694,8,,,0,57,,6686,8,,,0,20,,6687,8,,,0,23,,6695,8,,,0,57,,6688,8,,,0
401,'13301',2433,,6698,8,,,0,23,,6705,8,,,0,57,,6702,8,,,0,20,,6699,8,,,0,23,,6706,8,,,0,57,,6703,8,,,0,20,,6700,8,,,0,23,,6707,8,,,0,57,,6704,8,,,0,20,,6701,8,,,0
401,'3',903,,6708,8,,,0,20,,6735,8,,,0,20,,6709,8,,,0,60,,6710,8,,,0,20,,6736,8,,,0,20,,6711,8,,,0,60,,6712,8,,,0,20,,6737,8,,,0,20,,6718,8,,,0,60,,6719,8,,,0,20,,6738,8,,,0,20,,6720,8,,,0,60,,6721,8,,,0,20,,6739,8,,,0,20,,6722,8,,,0,60,,6723,8,,,0,20,,6740,8,,,0,20,,6724,8,,,0,60,,6725,8,,,0,20,,6741,8,,,0,20,,6726,8,,,0,60,,6727,8,,,0,20,,6742,8,,,0,20,,6728,8,,,0,60,,6729,8,,,0,20,,6743,8,,,0,20,,6730,8,,,0,60,,6731,8,,,0,20,,6744,8,,,0,20,,6732,8,,,0,60,,6733,8,,,0,20,,6745,8,,,0,20,,6713,8,,,0,60,,6714,8,,,0,20,,6746,8,,,0,20,,6715,8,,,0,60,,6716,8,,,0,20,,6747,8,,,0,20,,6717,8,,,0,16,,6734,8,0,7,0
1601,'1',613,,8062,17,,,0,32,,8057,17,,,0,72,,8037,17,,,0,32,,8038,17,,,0,72,,8039,17,,,0,32,,8040,17,,,0,72,,8041,17,,,0,32,,8042,17,,,0,72,,8043,17,,,0,72,,8044,17,,,0,32,,8063,17,,,0,72,,8045,17,,,0,32,,8046,17,,,0,72,,8047,17,,,0,32,,8048,17,,,0,72,,8049,17,,,0,32,,8050,17,,,0,72,,8051,17,,,0,32,,8052,17,,,0,72,,8053,17,,,0,32,,8054,17,,,0,72,,8064,17,,,0,32,,8055,17,,,0,72,,8065,17,,,0,71,,8056,17,,,0,103,,8058,17,,,0,100,,8059,17,,,0,100,,8060,17,,,0,100,,8061,17,,,0,100,,8066,17,,,0
1601,'13301',2503,,8067,17,,,0,100,,8068,17,,,0,100,,8069,17,,,0
1601,'3',905,,8070,17,,,0,100,,8071,17,,,0,100,,8072,17,,,0,100,,8073,17,,,0,100,,8074,17,,,0,100,,8075,17,,,0,100,,8076,17,,,0,100,,8077,17,,,0,100,,8078,17,,,0,100,,8079,17,,,0,100,,8080,17,,,0,100,,8081,17,,,0,100,,8082,17,,,0
1800,'1',622,,8365,39,,,0,28,,8366,39,,,0,68,,8367,39,,,0,28,,8368,39,,,0,68,,8369,39,,,0,28,,8370,39,,,0,68,,8371,39,,,0,28,,8372,39,,,0,68,,8373,39,,,0,28,,8374,39,,,0,68,,8375,39,,,0,28,,8376,39,,,0,28,,8377,39,,,0,68,,8378,39,,,0,28,,8379,39,,,0,68,,8380,39,,,0,28,,8381,39,,,0,68,,8382,39,,,0,28,,8383,39,,,0,68,,8384,39,,,0,28,,8385,39,,,0,68,,8386,39,,,0,28,,8387,39,,,0,68,,8388,39,,,0,28,,8389,39,,,0,68,,8390,39,,,0,28,,8391,39,,,0,26,,8392,39,,,0,68,,8398,39,,,0,100,,8393,39,,,0,100,,8394,39,,,0,100,,8395,39,,,0,100,,8396,39,,,0,100,,8397,39,,,0
1800,'13301',2524,,8399,39,,,0,100,,8400,39,,,0,100,,8401,39,,,0
1800,'3',920,,8402,39,,,0,100,,8403,39,,,0,100,,8404,39,,,0,100,,8405,39,,,0,100,,8406,39,,,0,100,,8407,39,,,0,100,,8408,39,,,0,100,,8409,39,,,0,100,,8410,39,,,0,100,,8411,39,,,0,100,,8412,39,,,0,100,,8413,39,,,0,100,,8414,39,,,0
54300,'14001',928,,10593,6,,,0
