1001,'1',606,,7579,2,,,0,22,,7578,2,,,0,24,,7536,2,,,0,62,,7537,2,,,0,22,,7538,2,,,0,22,,7539,2,,,0,62,,7540,2,,,0,22,,7541,2,,,0,62,,7542,2,,,0,22,,7543,2,,,0,22,,7544,2,,,0,62,,7545,2,,,0,22,,7546,2,,,0,22,,7547,2,,,0,62,,7548,2,,,0,22,,7549,2,,,0,62,,7550,2,,,0,22,,7551,2,,,0,22,,7552,2,,,0,62,,7553,2,,,0,22,,7554,2,,,0,22,,7555,2,,,0,62,,7556,2,,,0,22,,7557,2,,,0,22,,7558,2,,,0,62,,7559,2,,,0,22,,7560,2,,,0,62,,7561,2,,,0,22,,7562,2,,,0,22,,7563,2,,,0,62,,7564,2,,,0,22,,7565,2,,,0,22,,7566,2,,,0,62,,7567,2,,,0,22,,7568,2,,,0,20,,7569,2,,,0,80,,7570,2,,,0,80,,7571,2,,,0,40,,7572,2,,,0,80,,7573,2,,,0,80,,7574,2,,,0,40,,7575,2,,,0,80,,7576,2,,,0,80,,7577,2,,,0
1001,'13301',2456,,7580,2,,,0,80,,7581,2,,,0,80,,7582,2,,,0,40,,7583,2,,,0
1001,'2',610,,11319,2,,,0,40,,11320,2,,,0,80,,11321,2,,,0,80,,11322,2,,,0,40,,11323,2,,,0,80,,11324,2,,,0,80,,11325,2,,,0,40,,11326,2,,,0,64,,11327,2,,,0,19,,11328,2,,,0,22,,11329,2,,,0,62,,11330,2,,,0,22,,11331,2,,,0,62,,11332,2,,,0,22,,11333,2,,,0,22,,11334,2,,,0,62,,11335,2,,,0,22,,11336,2,,,0,22,,11337,2,,,0,62,,11338,2,,,0,22,,11339,2,,,0,22,,11340,2,,,0,62,,11341,2,,,0,22,,11342,2,,,0,62,,11343,2,,,0,22,,11344,2,,,0,22,,11345,2,,,0,62,,11346,2,,,0,41,,11347,2,,,0,77,,11348,2,,,0,80,,11349,2,,,0,40,,11350,2,,,0,80,,11351,2,,,0,80,,11352,2,,,0,40,,11353,2,,,0,80,,11354,2,,,0,80,,11355,2,,,0
1001,'3',843,,7584,2,,,0,80,,7585,2,,,0,80,,7586,2,,,0,40,,7587,2,,,0,80,,7588,2,,,0,80,,7589,2,,,0,40,,7590,2,,,0,80,,7591,2,,,0,80,,7592,2,,,0,40,,7593,2,,,0,80,,7594,2,,,0,80,,7595,2,,,0,40,,7596,2,,,0,80,,7597,2,,,0,80,,7598,2,,,0,40,,7599,2,,,0,80,,7600,2,,,0,80,,7601,2,,,0,40,,7602,2,,,0,80,,7603,2,,,0
1900,'1',545,,8466,2,,,0,70,,8467,2,,,0,30,,8468,2,,,0,70,,8469,2,,,0,30,,8470,2,,,0,70,,8497,2,,,0,30,,8471,2,,,0,70,,8472,2,,,0,30,,8473,2,,,0,70,,8474,2,,,0,30,,8475,2,,,0,70,,8476,2,,,0,30,,8477,2,,,0,70,,8478,2,,,0,30,,8479,2,,,0,70,,8480,2,,,0,30,,8481,2,,,0,70,,8482,2,,,0,30,,8483,2,,,0,70,,8484,2,,,0,30,,8485,2,,,0,70,,8486,2,,,0,30,,8487,2,,,0,70,,8488,2,,,0,30,,8489,2,,,0,70,,8490,2,,,0,30,,8491,2,,,0,100,,8492,2,,,0,100,,8493,2,,,0,100,,8494,2,,,0,100,,8495,2,,,0,100,,8496,2,,,0
1900,'13301',2446,,8498,2,,,0,100,,8499,2,,,0,100,,8500,2,,,0
1900,'2',645,,11827,2,,,0,100,,11826,2,,,0,100,,11825,2,,,0,100,,11824,2,,,0,100,,11823,2,,,0,70,,11822,2,,,0,30,,11821,2,,,0,70,,11820,2,,,0,30,,11819,2,,,0,70,,11818,2,,,0,30,,11817,2,,,0,70,,11816,2,,,0,30,,11815,2,,,0,70,,11814,2,,,0,30,,11813,2,,,0,70,,11812,2,,,0,30,,11811,2,,,0,70,,11810,2,,,0,30,,11809,2,,,0,70,,11808,2,,,0,30,,11807,2,,,0,100,,11806,2,,,0,100,,11805,2,,,0,100,,11804,2,,,0,100,,11803,2,,,0,100,,11802,2,,,0
1900,'3',845,,8514,2,,,0,100,,8513,2,,,0,100,,8512,2,,,0,100,,8511,2,,,0,100,,8510,2,,,0,100,,8509,2,,,0,100,,8508,2,,,0,100,,8507,2,,,0,100,,8506,2,,,0,100,,8505,2,,,0,100,,8504,2,,,0,100,,8503,2,,,0,100,,8502,2,,,0
8301,'1',701,,10211,2,,,0,28,,10212,2,,,0,28,,10213,2,,,0,68,,10214,2,,,0,28,,10215,2,,,0,68,,10216,2,,,0,28,,10217,2,,,0,68,,10218,2,,,0,28,,10219,2,,,0,68,,10220,2,,,0,28,,10221,2,,,0,68,,10222,2,,,0,28,,10223,2,,,0,68,,10224,2,,,0,28,,10225,2,,,0,68,,10226,2,,,0,28,,10227,2,,,0,28,,10228,2,,,0,68,,10229,2,,,0,28,,10230,2,,,0,68,,10231,2,,,0,28,,10232,2,,,0,68,,10233,2,,,0,28,,10234,2,,,0,68,,10235,2,,,0,28,,10236,2,,,0,68,,10237,2,,,0
8301,'1201',1543,,10238,2,,,0
8301,'12801',1543,,10239,2,,,0
8700,'1',654,,10473,2,,,0,68,,10474,2,,,0,28,,10475,2,,,0,68,,10476,2,,,0,28,,10477,2,,,0,68,,10478,2,,,0,28,,10479,2,,,0,68,,10480,2,,,0,27,,10481,2,,,0,71,,10482,2,,,0,35,,10483,2,,,0,75,,10484,2,,,0,35,,10485,2,,,0,75,,10486,2,,,0,75,,10487,2,,,0,30,,10488,2,,,0,73,,10489,2,,,0,30,,10490,2,,,0,68,,10491,2,,,0,28,,10492,2,,,0,68,,10493,2,,,0,28,,10494,2,,,0,28,,10495,2,,,0,68,,10496,2,,,0
33600,'1201',836,,10563,2,,,0
