1701,'1',639,,8266,8,,,0,20,,8267,8,,,0,60,,8268,8,,,0,20,,8269,8,,,0,20,,8270,8,,,0,60,,8271,8,,,0,20,,8272,8,,,0,20,,8273,8,,,0,60,,8274,8,,,0,20,,8275,8,,,0,17,,8276,8,,,0,75,,8292,8,,,0,25,,8277,8,,,0,70,,8278,8,,,0,75,,8279,8,,,0,30,,8280,8,,,0,70,,8281,8,,,0,30,,8293,8,,,0,70,,8294,8,,,0,30,,8295,8,,,0,70,,8296,8,,,0,18,,8297,8,,,0,23,,8298,8,,,0,60,,8300,8,,,0,20,,8299,8,,,0,20,,8301,8,,,0,60,,8302,8,,,0,20,,8303,8,,,0,20,,8304,8,,,0,60,,8305,8,,,0,20,,8306,8,,,0,20,,8283,8,,,0,60,,8284,8,,,0,34,,8285,8,,,0,85,,8286,8,,,0,85,,8287,8,,,0,45,,8288,8,,,0,85,,8289,8,,,0,85,,8290,8,,,0,85,,8291,8,,,0
1701,'13301',2536,,8311,8,,,0,85,,8312,8,,,0,85,,8313,8,,,0,45,,8314,8,,,0
1701,'2',711,,11722,8,,,0,45,,11723,8,,,0,85,,11724,8,,,0,85,,11725,8,,,0,85,,11726,8,,,0,45,,11727,8,,,0,85,,11728,8,,,0,85,,11729,8,,,0,30,,11730,8,,,0,70,,11746,8,,,0,30,,11731,8,,,0,70,,11732,8,,,0,30,,11747,8,,,0,70,,11733,8,,,0,30,,11734,8,,,0,70,,11748,8,,,0,30,,11735,8,,,0,70,,11736,8,,,0,30,,11749,8,,,0,70,,11737,8,,,0,30,,11738,8,,,0,70,,11750,8,,,0,30,,11739,8,,,0,85,,11740,8,,,0,85,,11741,8,,,0,85,,11742,8,,,0,45,,11743,8,,,0,85,,11744,8,,,0,85,,11745,8,,,0
1701,'3',925,,8348,8,,,0,85,,8349,8,,,0,45,,8350,8,,,0,85,,8351,8,,,0,85,,8352,8,,,0,85,,8353,8,,,0,45,,8354,8,,,0,85,,8355,8,,,0,85,,8356,8,,,0,85,,8357,8,,,0,45,,8358,8,,,0,85,,8359,8,,,0,85,,8360,8,,,0,85,,8361,8,,,0,45,,8362,8,,,0,85,,8363,8,,,0,85,,8364,8,,,0
3000,'1',621,,8877,11,,,0,80,,8879,11,,,0,42,,8881,11,,,0,80,,8882,11,,,0,80,,8883,11,,,0,41,,8884,11,,,0,80,,8885,11,,,0,80,,8886,11,,,0,40,,8887,11,,,0,80,,8888,11,,,0,80,,8889,11,,,0,40,,8890,11,,,0,80,,8891,11,,,0,80,,8892,11,,,0,44,,8893,11,,,0,80,,8894,11,,,0,80,,8895,11,,,0,40,,8896,11,,,0,80,,8897,11,,,0,76,,8870,11,,,0,55,,8871,11,,,0,100,,8872,11,,,0,100,,8873,11,,,0,100,,8874,11,,,0,141,,8875,11,,,0
3000,'13301',2459,,8918,11,,,0,100,,8919,11,,,0,100,,8920,11,,,0
3000,'2',704,,11995,11,,,0,100,,11997,11,,,0,100,,11998,11,,,0,100,,11999,11,,,0,105,,12000,11,,,0,40,,12001,11,,,0,80,,12002,11,,,0,80,,12003,11,,,0,40,,12004,11,,,0,80,,12005,11,,,0,80,,12006,11,,,0,40,,12007,11,,,0,80,,12008,11,,,0,80,,12009,11,,,0,40,,12010,11,,,0,80,,12011,11,,,0,75,,11988,11,,,0,100,,11989,11,,,0,100,,11990,11,,,0,100,,11991,11,,,0,100,,11992,11,,,0,100,,11993,11,,,0
3000,'3',904,,8934,11,,,0,100,,8935,11,,,0,100,,8936,11,,,0,100,,8937,11,,,0,100,,8938,11,,,0,100,,8939,11,,,0,100,,8940,11,,,0,100,,8941,11,,,0,100,,8942,11,,,0,100,,8943,11,,,0,100,,8944,11,,,0,100,,8945,11,,,0,100,,8946,11,,,0
3500,'1',640,,9023,11,,,0,82,,9024,11,,,0,80,,9025,11,,,0,40,,9026,11,,,0,80,,9027,11,,,0,82,,9028,11,,,0,40,,9029,11,,,0,80,,9030,11,,,0,80,,9031,11,,,0,40,,9032,11,,,0,80,,9033,11,,,0,80,,9034,11,,,0,40,,9035,11,,,0,84,,9036,11,,,0,80,,9037,11,,,0,40,,9038,11,,,0,80,,9039,11,,,0,80,,9040,11,,,0,36,,9041,11,,,0,85,,8996,11,,,0,100,,8997,11,,,0,100,,8998,11,,,0,100,,8999,11,,,0,100,,9000,11,,,0,101,,9001,11,,,0
3500,'13301',2530,,9043,11,,,0,100,,9044,11,,,0,100,,9045,11,,,0
3500,'2',734,,12078,11,,,0,100,,12079,11,,,0,100,,12080,11,,,0,100,,12081,11,,,0,95,,12082,11,,,0,80,,12083,11,,,0,40,,12084,11,,,0,80,,12085,11,,,0,80,,12086,11,,,0,40,,12087,11,,,0,80,,12088,11,,,0,80,,12089,11,,,0,40,,12090,11,,,0,80,,12091,11,,,0,80,,12092,11,,,0,125,,12055,11,,,0,100,,12056,11,,,0,100,,12057,11,,,0,100,,12058,11,,,0,100,,12059,11,,,0,95,,12060,11,,,0
3500,'3',934,,9059,11,,,0,100,,9060,11,,,0,100,,9061,11,,,0,100,,9062,11,,,0,100,,9063,11,,,0,100,,9064,11,,,0,100,,9065,11,,,0,100,,9066,11,,,0,100,,9067,11,,,0,100,,9068,11,,,0,100,,9071,11,,,0,100,,9072,11,,,0,95,,9073,11,,,0
