1500,'1',1844,,7918,3,4,,0
1500,'2',644,,11526,3,4,,0,70,,11527,3,4,,0,30,,11496,3,4,,0,70,,11525,3,4,,0,30,,11524,3,4,,0,70,,11523,3,4,,0,30,,11522,3,4,,0,15,,11498,3,4,,0,55,,11521,3,4,,0,15,,11510,3,4,,0,15,,11520,3,4,,0,785,,11537,3,4,,0,15,,11538,3,4,,0
1500,'3',1429,,7930,3,4,,0,15,,7928,3,4,,0,15,,7931,3,4,,0,55,,7927,3,4,,0,15,,7929,3,4,,0,15,,7926,3,4,,0
1501,'1',617,,7952,1,,,0,15,,7951,1,,,0,15,,7950,1,,,0,55,,7949,1,,,0,15,,7948,1,,,0,15,,7947,1,,,0,15,,7946,1,,,0,55,,7945,1,,,0,15,,7944,1,,,0,15,,7943,1,,,0,15,,7966,1,,,0,55,,7953,1,,,0,15,,7967,1,,,0,15,,7942,1,,,0,15,,7968,1,,,0,55,,7954,1,,,0,15,,7969,1,,,0,15,,7955,1,,,0,15,,7970,1,,,0,55,,7956,1,,,0,15,,7971,1,,,0,15,,7957,1,,,0,15,,7972,1,,,0,55,,7983,1,,,0,15,,7973,1,,,0,15,,7941,1,,,0,15,,7940,1,,,0,55,,7958,1,,,0,15,,7974,1,,,0,15,,7959,1,,,0,15,,7975,1,,,0,55,,7960,1,,,0,15,,7976,1,,,0,15,,7961,1,,,0,15,,7977,1,,,0,55,,7962,1,,,0,15,,7981,1,,,0,15,,7963,1,,,0,15,,7939,1,,,0,55,,7982,1,,,0,15,,7938,1,,,0,15,,7937,1,,,0,15,,7978,1,,,0,55,,7964,1,,,0,15,,7979,1,,,0,15,,7965,1,,,0,15,,7980,1,,,0,55,,7936,1,,,0,15,,7935,1,,,0,15,,7934,1,,,0,15,,7933,1,,,0,55,,7932,1,,,0
1501,'2',647,,11569,1,,,0,70,,11570,1,,,0,30,,11568,1,,,0,70,,11567,1,,,0,30,,11566,1,,,0,70,,11565,1,,,0,30,,11564,1,,,0,55,,11552,1,,,0,15,,11563,1,,,0,15,,11551,1,,,0,15,,11562,1,,,0,55,,11550,1,,,0,15,,11561,1,,,0,15,,11549,1,,,0,15,,11560,1,,,0,55,,11540,1,,,0,15,,11571,1,,,0,15,,11572,1,,,0,15,,11573,1,,,0,55,,11574,1,,,0,15,,11559,1,,,0,15,,11548,1,,,0,15,,11558,1,,,0,55,,11547,1,,,0,15,,11557,1,,,0,15,,11546,1,,,0,15,,11556,1,,,0,55,,11575,1,,,0,15,,11539,1,,,0,15,,11545,1,,,0,15,,11576,1,,,0,55,,11544,1,,,0,15,,11577,1,,,0,15,,11543,1,,,0,15,,11555,1,,,0,55,,11542,1,,,0,15,,11554,1,,,0,15,,11541,1,,,0,15,,11553,1,,,0,55,,11578,1,,,0,15,,11579,1,,,0,15,,11580,1,,,0,15,,11581,1,,,0,55,,11582,1,,,0
1501,'3',1432,,7985,1,,,0,15,,7988,1,,,0,55,,7989,1,,,0,15,,7987,1,,,0,15,,7984,1,,,0,15,,7986,1,,,0
2200,'1',1631,,8563,1,,,0,70,,8564,1,,,0,30,,8565,1,,,0
2200,'1201',1531,,8566,1,,,0,70,,8567,1,,,0
2200,'12801',1531,,8568,1,,,0,70,,8569,1,,,0
6000,'1',1621,,9688,10,4,,0,30,,9689,10,4,,0,70,,9690,10,4,,0
33300,'1',1245,,10537,1,,,0,80,,10538,1,,,0,420,,10530,1,,,0,60,,10531,1,,,0,20,,10532,1,,,0,20,,10533,1,,,0,60,,10534,1,,,0,20,,10535,1,,,0,20,,10536,1,,,0
33300,'11903',1345,,10546,1,,,0,80,,10547,1,,,0,20,,10548,1,,,0,80,,10549,1,,,0,220,,10539,1,,,0,60,,10540,1,,,0,20,,10541,1,,,0,20,,10542,1,,,0,60,,10543,1,,,0,20,,10544,1,,,0,20,,10545,1,,,0
33300,'2',1245,,12780,1,,,0,80,,12781,1,,,0,420,,12773,1,,,0,60,,12774,1,,,0,20,,12775,1,,,0,20,,12776,1,,,0,60,,12777,1,,,0,20,,12778,1,,,0,20,,12779,1,,,0
33301,'1',1325,,10555,2,4,,0,500,,10550,2,4,,0,20,,10551,2,4,,0,60,,10552,2,4,,0,20,,10553,2,4,,0,20,,10554,2,4,,0
33301,'11903',1425,,10561,2,4,,0,100,,10562,2,4,,0,300,,10556,2,4,,0,20,,10557,2,4,,0,60,,10558,2,4,,0,20,,10559,2,4,,0,20,,10560,2,4,,0
33301,'2',1325,,12787,2,4,,0,500,,12782,2,4,,0,20,,12783,2,4,,0,60,,12784,2,4,,0,20,,12785,2,4,,0,20,,12786,2,4,,0
122500,'13802',1031,,12788,1,0,27 12,0,98,,12795,6,4,,0,2,,12789,1,0,27 12,0,98,,12796,6,4,,0,2,,12790,1,0,27 12,0,98,,12797,6,4,,0,2,,12791,1,0,27 12,0,98,,12798,6,4,,0,2,,12792,1,0,27 12,0,98,,12799,6,4,,0,2,,12793,1,0,27 12,0,98,,12800,6,4,,0,2,,12794,1,0,27 12,0,98,,12801,6,4,,0
122500,'13803',1031,,10603,1,0,27 12,0,98,,10610,6,4,,0,2,,10604,1,0,27 12,0,98,,10611,6,4,,0,2,,10605,1,0,27 12,0,98,,10612,6,4,,0,2,,10606,1,0,27 12,0,98,,10613,6,4,,0,2,,10607,1,0,27 12,0,98,,10614,6,4,,0,2,,10608,1,0,27 12,0,98,,10615,6,4,,0,2,,10609,1,0,27 12,0,98,,10616,6,4,,0
