1900,'1',545,,8466,1,,,0,70,,8467,1,,,0,30,,8468,1,,,0,70,,8469,1,,,0,30,,8470,1,,,0,70,,8497,1,,,0,30,,8471,1,,,0,70,,8472,1,,,0,30,,8473,1,,,0,70,,8474,1,,,0,30,,8475,1,,,0,70,,8476,1,,,0,30,,8477,1,,,0,70,,8478,1,,,0,30,,8479,1,,,0,70,,8480,1,,,0,30,,8481,1,,,0,70,,8482,1,,,0,30,,8483,1,,,0,70,,8484,1,,,0,30,,8485,1,,,0,70,,8486,1,,,0,30,,8487,1,,,0,70,,8488,1,,,0,30,,8489,1,,,0,70,,8490,1,,,0,30,,8491,1,,,0,100,,8492,1,,,0,100,,8493,1,,,0,100,,8494,1,,,0,100,,8495,1,,,0,100,,8496,1,,,0
1900,'13301',2446,,8498,1,,,0,100,,8499,1,,,0,100,,8500,1,,,0
1900,'2',645,,11827,1,,,0,100,,11826,1,,,0,100,,11825,1,,,0,100,,11824,1,,,0,100,,11823,1,,,0,70,,11822,1,,,0,30,,11821,1,,,0,70,,11820,1,,,0,30,,11819,1,,,0,70,,11818,1,,,0,30,,11817,1,,,0,70,,11816,1,,,0,30,,11815,1,,,0,70,,11814,1,,,0,30,,11813,1,,,0,70,,11812,1,,,0,30,,11811,1,,,0,70,,11810,1,,,0,30,,11809,1,,,0,70,,11808,1,,,0,30,,11807,1,,,0,100,,11806,1,,,0,100,,11805,1,,,0,100,,11804,1,,,0,100,,11803,1,,,0,100,,11802,1,,,0
1900,'3',845,,8514,1,,,0,100,,8513,1,,,0,100,,8512,1,,,0,100,,8511,1,,,0,100,,8510,1,,,0,100,,8509,1,,,0,100,,8508,1,,,0,100,,8507,1,,,0,100,,8506,1,,,0,100,,8505,1,,,0,100,,8504,1,,,0,100,,8503,1,,,0,100,,8502,1,,,0
1901,'1',645,,8515,38,4,,0,70,,8516,38,4,,0,30,,8517,38,4,,0,70,,8518,38,4,,0,30,,8519,38,4,,0,70,,8520,38,4,,0,30,,8521,38,4,,0,70,,8522,38,4,,0,30,,8523,38,4,,0,70,,8524,38,4,,0,30,,8525,38,4,,0,70,,8526,38,4,,0,30,,8527,38,4,,0,70,,8528,38,4,,0,30,,8529,38,4,,0,70,,8530,38,4,,0,30,,8531,38,4,,0,70,,8532,38,4,,0,30,,8533,38,4,,0,70,,8534,38,4,,0,30,,8535,38,4,,0,70,,8536,38,4,,0,30,,8537,38,4,,0,70,,8538,38,4,,0,30,,8545,38,4,,0,99,,8539,38,4,,0,100,,8540,38,4,,0,100,,8541,38,4,,0,100,,8542,38,4,,0,100,,8543,38,4,,0
1901,'13301',2544,,8546,38,4,,0,100,,8547,38,4,,0,100,,8548,38,4,,0
1901,'2',644,,11829,14,4,,0,100,,11853,38,4,,0,100,,11852,38,4,,0,100,,11851,38,4,,0,100,,11850,38,4,,0,70,,11828,14,4,,0,30,,11849,38,4,,0,70,,11848,38,4,,0,30,,11847,38,4,,0,70,,11846,38,4,,0,30,,11845,38,4,,0,70,,11844,38,4,,0,30,,11843,38,4,,0,70,,11842,38,4,,0,30,,11841,38,4,,0,70,,11840,38,4,,0,30,,11839,38,4,,0,70,,11838,38,4,,0,30,,11837,38,4,,0,70,,11836,38,4,,0,30,,11854,38,4,,0,100,,11835,38,4,,0,100,,11834,38,4,,0,100,,11833,38,4,,0,100,,11832,38,4,,0,100,,11831,38,4,,0
1901,'3',844,,8549,14,4,,0,100,,8561,38,4,,0,100,,8560,38,4,,0,100,,8559,38,4,,0,100,,8558,38,4,,0,100,,8557,38,4,,0,100,,8556,38,4,,0,100,,8555,38,4,,0,100,,8554,38,4,,0,100,,8553,38,4,,0,100,,8562,38,4,,0,100,,8552,38,4,,0,100,,8551,38,4,,0
8300,'1',715,,10210,21,4,,0,28,,10184,21,4,,0,68,,10185,21,4,,0,28,,10186,21,4,,0,68,,10187,21,4,,0,28,,10188,21,4,,0,68,,10189,21,4,,0,28,,10190,21,4,,0,28,,10191,21,4,,0,68,,10192,21,4,,0,28,,10193,21,4,,0,68,,10194,21,4,,0,28,,10195,21,4,,0,68,,10196,21,4,,0,28,,10197,21,4,,0,68,,10198,21,4,,0,28,,10199,21,4,,0,68,,10200,21,4,,0,28,,10201,21,4,,0,68,,10202,21,4,,0,28,,10203,21,4,,0,68,,10204,21,4,,0,28,,10205,21,4,,0,28,,10206,21,4,,0,68,,10207,21,4,,0,28,,10208,21,4,,0,68,,10209,21,4,,0
33600,'1201',835,,10563,1,,,0
