200,'1',638,,6312,26,,,0,19,,6313,26,,,0,60,,6314,26,,,0,20,,6315,26,,,0,20,,6316,26,,,0,60,,6317,26,,,0,20,,6318,26,,,0,20,,6319,26,,,0,60,,6320,26,,,0,20,,6321,26,,,0,20,,6322,26,,,0,60,,6323,26,,,0,20,,6324,26,,,0,20,,6325,26,,,0,60,,6326,26,,,0,20,,6327,26,,,0,20,,6328,26,,,0,60,,6329,26,,,0,20,,6330,26,,,0,20,,6331,26,,,0,60,,6332,26,,,0,20,,6333,26,,,0,20,,6334,26,,,0,60,,6335,26,,,0,20,,6336,26,,,0,20,,6337,26,,,0,60,,6338,26,,,0,20,,6339,26,,,0,20,,6340,26,,,0,55,,6341,26,,,0,15,,6342,26,,,0,15,,6343,26,,,0,15,,6344,26,,,0,55,,6345,26,,,0,15,,6346,26,,,0,15,,6347,26,,,0,15,,6348,26,,,0,55,,6349,26,,,0,15,,6350,26,,,0,15,,6351,26,,,0,70,,6352,26,,,0,30,,6353,26,,,0,70,,6354,26,,,0,30,,6355,26,,,0,70,,6356,26,,,0,30,,6357,26,,,0,70,,6358,26,,,0,30,,6359,26,,,0,70,,6360,26,,,0,30,,6361,26,,,0,70,,6362,26,,,0,27,,6363,26,,,0
200,'13301',2453,,6364,26,,,0,70,,6365,26,,,0,30,,6366,26,,,0,70,,6367,26,,,0,30,,6368,26,,,0,70,,6369,26,,,0,30,,6370,26,,,0
200,'2',712,,10691,26,,,0,30,,10707,26,,,0,70,,10690,26,,,0,30,,10706,26,,,0,70,,10689,26,,,0,30,,10705,26,,,0,70,,10688,26,,,0,28,,10704,26,,,0,72,,10687,26,,,0,25,,10708,26,,,0,20,,10709,26,,,0,60,,10710,26,,,0,20,,10711,26,,,0,20,,10712,26,,,0,60,,10713,26,,,0,20,,10714,26,,,0,20,,10715,26,,,0,60,,10716,26,,,0,20,,10717,26,,,0,20,,10718,26,,,0,60,,10719,26,,,0,20,,10720,26,,,0,20,,10721,26,,,0,60,,10722,26,,,0,20,,10723,26,,,0,20,,10724,26,,,0,60,,10725,26,,,0,20,,10726,26,,,0,20,,10727,26,,,0,59,,10728,26,,,0,26,,10729,26,,,0,70,,10697,26,,,0,30,,10703,26,,,0,70,,10696,26,,,0,30,,10702,26,,,0,70,,10695,26,,,0,30,,10701,26,,,0,70,,10694,26,,,0,30,,10700,26,,,0,70,,10693,26,,,0,30,,10699,26,,,0,70,,10692,26,,,0,27,,10698,26,,,0
200,'3',912,,6373,26,,,0,30,,6396,26,,,0,70,,6372,26,,,0,30,,6395,26,,,0,70,,6371,26,,,0,30,,6394,26,,,0,70,,6393,26,,,0,30,,6392,26,,,0,70,,6391,26,,,0,30,,6390,26,,,0,70,,6389,26,,,0,30,,6388,26,,,0,70,,6387,26,,,0,30,,6386,26,,,0,70,,6385,26,,,0,30,,6384,26,,,0,70,,6383,26,,,0,30,,6382,26,,,0,70,,6381,26,,,0,30,,6380,26,,,0,70,,6376,26,,,0,30,,6379,26,,,0,70,,6375,26,,,0,30,,6378,26,,,0,70,,6374,26,,,0,27,,6377,26,,,0
500,'1',706,,6748,25,,,0,30,,6749,25,,,0,70,,6750,25,,,0,30,,6751,25,,,0,70,,6752,25,,,0,30,,6753,25,,,0,70,,6754,25,,,0,30,,6755,25,,,0,70,,6756,25,,,0,30,,6757,25,,,0,70,,6758,25,,,0,30,,6759,25,,,0,70,,6760,25,,,0,30,,6761,25,,,0,70,,6762,25,,,0,30,,6763,25,,,0,70,,6764,25,,,0,30,,6765,25,,,0,70,,6766,25,,,0,30,,6767,25,,,0,70,,6768,25,,,0,30,,6769,25,,,0,70,,6770,25,,,0,30,,6771,25,,,0,96,,6802,25,,,0,100,,6803,25,,,0,100,,6804,25,,,0,100,,6805,25,,,0,100,,6806,25,,,0,100,,6807,25,,,0
500,'13301',2532,,6812,25,,,0,100,,6813,25,,,0,100,,6814,25,,,0
500,'2',732,,10938,25,,,0,100,,10936,25,,,0,100,,10934,25,,,0,107,,10932,25,,,0,100,,10930,25,,,0,70,,10929,25,,,0,30,,10928,25,,,0,70,,10927,25,,,0,30,,10926,25,,,0,70,,10925,25,,,0,30,,10924,25,,,0,70,,10923,25,,,0,30,,10922,25,,,0,70,,10921,25,,,0,30,,10920,25,,,0,70,,10919,25,,,0,30,,10918,25,,,0,70,,10917,25,,,0,23,,10939,25,,,0,100,,10954,25,,,0,100,,10910,25,,,0,100,,10909,25,,,0,100,,10908,25,,,0,100,,10907,25,,,0,100,,10906,25,,,0
500,'3',932,,6830,25,,,0,100,,6829,25,,,0,100,,6827,25,,,0,100,,6826,25,,,0,100,,6825,25,,,0,100,,6824,25,,,0,100,,6823,25,,,0,100,,6822,25,,,0,100,,6821,25,,,0,100,,6831,25,,,0,100,,6839,25,,,0,100,,6817,25,,,0,100,,6816,25,,,0
700,'1',646,,7035,37,,,0,70,,7005,37,,,0,32,,7006,37,,,0,70,,7007,37,,,0,30,,7008,37,,,0,70,,7009,37,,,0,30,,7010,37,,,0,70,,7011,37,,,0,30,,7012,37,,,0,70,,7013,37,,,0,30,,7014,37,,,0,70,,7015,37,,,0,30,,7016,37,,,0,70,,7017,37,,,0,30,,7018,37,,,0,70,,7019,37,,,0,30,,7020,37,,,0,70,,7021,37,,,0,31,,7022,37,,,0,70,,7023,37,,,0,30,,7024,37,,,0,70,,7025,37,,,0,30,,7026,37,,,0,70,,7027,37,,,0,30,,7028,37,,,0,98,,7029,37,,,0,100,,7030,37,,,0,100,,7031,37,,,0,100,,7032,37,,,0,97,,7033,37,,,0,101,,7034,37,,,0
700,'13301',2545,,7036,37,,,0,100,,7037,37,,,0,100,,7038,37,,,0
700,'2',749,,11043,37,,,0,100,,11044,37,,,0,100,,11045,37,,,0,100,,11046,37,,,0,100,,11047,37,,,0,70,,11048,37,,,0,30,,11049,37,,,0,70,,11050,37,,,0,30,,11051,37,,,0,70,,11052,37,,,0,30,,11053,37,,,0,70,,11054,37,,,0,31,,11055,37,,,0,70,,11056,37,,,0,30,,11057,37,,,0,70,,11058,37,,,0,30,,11059,37,,,0,70,,11060,37,,,0,30,,11061,37,,,0,100,,11062,37,,,0,100,,11063,37,,,0,100,,11064,37,,,0,100,,11065,37,,,0,96,,11066,37,,,0,99,,11067,37,,,0
700,'3',949,,7039,37,,,0,100,,7040,37,,,0,100,,7041,37,,,0,100,,7042,37,,,0,100,,7043,37,,,0,100,,7044,37,,,0,100,,7045,37,,,0,100,,7046,37,,,0,100,,7047,37,,,0,100,,7048,37,,,0,100,,7049,37,,,0,97,,7050,37,,,0,101,,7051,37,,,0
900,'1',606,,7395,23,0,6,0,30,,7370,23,0,6,0,74,,7371,55,,,0,30,,7372,55,,,0,70,,7373,55,,,0,30,,7374,55,,,0,67,,7375,45,,,0,30,,7376,45,,,0,70,,7377,45,,,0,30,,7378,45,,,0,70,,7379,45,,,0,30,,7380,45,,,0,70,,7381,45,,,0,30,,7382,45,,,0,70,,7383,45,,,0,30,,7384,45,,,0,70,,7385,45,,,0,30,,7386,45,,,0,70,,7401,45,,,0,30,,7387,45,,,0,73,,7388,55,,,0,30,,7389,55,,,0,70,,7390,55,,,0,30,,7391,55,,,0,70,,7392,55,,,0,29,,7393,55,,,0,64,,7394,45,,,0,100,,7396,45,,,0,100,,7397,45,,,0,100,,7398,45,,,0,100,,7399,45,,,0,100,,7400,45,,,0
900,'13301',2502,,7402,45,,,0,100,,7403,45,,,0,100,,7404,45,,,0,100,,7405,45,,,0
900,'2',703,,11235,12,0,6,0,100,,11254,45,,,0,100,,11253,45,,,0,100,,11252,45,,,0,100,,11251,45,,,0,30,,11250,45,,,0,70,,11249,45,,,0,30,,11248,45,,,0,70,,11247,45,,,0,30,,11246,45,,,0,70,,11245,45,,,0,30,,11244,45,,,0,70,,11243,45,,,0,33,,11242,45,,,0,70,,11241,45,,,0,30,,11240,45,,,0,70,,11239,45,,,0,30,,11238,45,,,0,70,,11237,45,,,0,30,,11236,45,,,0,67,,11234,45,,,0,100,,11233,45,,,0,100,,11232,45,,,0,100,,11231,45,,,0,100,,11230,45,,,0,100,,11229,45,,,0
900,'3',903,,7409,45,,,0,100,,7418,45,,,0,100,,7417,45,,,0,100,,7416,45,,,0,100,,7415,45,,,0,100,,7414,45,,,0,100,,7413,45,,,0,100,,7412,45,,,0,100,,7411,45,,,0,100,,7410,45,,,0,100,,7408,45,,,0,100,,7407,45,,,0,100,,7406,45,,,0
2200,'1',1659,,8563,40,,,0,70,,8564,40,,,0,30,,8565,40,,,0
2200,'1201',1559,,8566,40,,,0,70,,8567,40,,,0
2200,'12801',1559,,8568,40,,,0,70,,8569,40,,,0
6000,'1',623,,9686,7,,,0,30,,9685,7,,,0,70,,9684,7,,,0,30,,9683,7,,,0,70,,9682,7,,,0,30,,9681,7,,,0,70,,9680,7,,,0,30,,9679,7,,,0,70,,9678,7,,,0,30,,9677,7,,,0,70,,9676,7,,,0,30,,9675,7,,,0,70,,9674,7,,,0,30,,9673,7,,,0,70,,9672,7,,,0,30,,9671,7,,,0,70,,9670,7,,,0,30,,9669,7,,,0,70,,9668,7,,,0,30,,9667,7,,,0,70,,9666,7,,,0,30,,9665,7,,,0,70,,9664,7,,,0,30,,9663,7,,,0,70,,9662,7,,,0,30,,9687,7,,,0,96,,9661,7,,,0,100,,9660,7,,,0,100,,9659,7,,,0,100,,9658,7,,,0,100,,9657,7,,,0,99,,9656,7,0,6 15,0
6000,'13301',2448,,9691,7,,,0,100,,9692,7,,,0,100,,9693,7,,,0
6000,'2',649,,12391,7,,,0,100,,12390,7,,,0,100,,12389,7,,,0,100,,12388,7,,,0,100,,12387,7,,,0,70,,12386,7,,,0,30,,12385,7,,,0,70,,12384,7,,,0,30,,12383,7,,,0,70,,12382,7,,,0,30,,12381,7,,,0,70,,12380,7,,,0,30,,12379,7,,,0,70,,12378,7,,,0,30,,12377,7,,,0,70,,12376,7,,,0,30,,12375,7,,,0,70,,12374,7,,,0,30,,12373,7,,,0,70,,12372,7,,,0,30,,12392,7,,,0,100,,12371,7,,,0,100,,12370,7,,,0,100,,12369,7,,,0,100,,12368,7,,,0,100,,12367,7,,,0,99,,12366,7,0,6 15,0
6000,'3',849,,9706,7,,,0,100,,9705,7,,,0,100,,9704,7,,,0,100,,9703,7,,,0,100,,9702,7,,,0,100,,9701,7,,,0,100,,9700,7,,,0,100,,9699,7,,,0,100,,9698,7,,,0,100,,9697,7,,,0,100,,9707,7,,,0,100,,9696,7,,,0,100,,9695,7,,,0,99,,9694,7,0,6 15,0
6001,'1',633,,9708,13,,,0,70,,9732,13,,,0,21,,9740,13,,,0,9,,9731,13,,,0,21,,9741,13,,,0,49,,9730,13,,,0,21,,9742,13,,,0,9,,9729,13,,,0,70,,9728,13,,,0,30,,9727,13,,,0,70,,9726,13,,,0,30,,9725,13,,,0,70,,9724,13,,,0,30,,9723,13,,,0,70,,9722,13,,,0,30,,9721,13,,,0,70,,9720,13,,,0,30,,9719,13,,,0,70,,9718,13,,,0,30,,9717,13,,,0,70,,9716,13,,,0,30,,9715,13,,,0,70,,9714,13,,,0,30,,9713,13,,,0,21,,9743,14,,,0,49,,9712,13,,,0,6,,9744,14,,,0,24,,9738,13,,,0,70,,9739,13,,,0,30,,9711,13,,,0,100,,9710,13,,,0,100,,9733,13,,,0,100,,9734,13,,,0,100,,9735,13,,,0,100,,9736,13,,,0,100,,9737,13,,,0
6001,'1201',1609,,9746,14,,,0,15,,9745,14,,,0
6001,'12801',1609,,9747,14,,,0,15,,9748,14,,,0
6001,'13301',2532,,9749,13,,,0,100,,9750,13,,,0,100,,9751,13,,,0
6001,'2',733,,12418,13,,,0,100,,12410,13,,,0,100,,12409,13,,,0,100,,12408,13,,,0,100,,12407,13,,,0,70,,12406,13,,,0,30,,12405,13,,,0,70,,12404,13,,,0,30,,12403,13,,,0,70,,12402,13,,,0,30,,12401,13,,,0,70,,12400,13,,,0,30,,12399,13,,,0,70,,12398,13,,,0,30,,12397,13,,,0,70,,12396,13,,,0,30,,12416,13,,,0,70,,12417,13,,,0,30,,12395,13,,,0,100,,12394,13,,,0,100,,12411,13,,,0,100,,12412,13,,,0,100,,12413,13,,,0,100,,12414,13,,,0,100,,12415,13,,,0
6001,'3',933,,9762,13,,,0,100,,9761,13,,,0,100,,9760,13,,,0,100,,9759,13,,,0,100,,9758,13,,,0,100,,9757,13,,,0,100,,9756,13,,,0,100,,9755,13,,,0,100,,9765,13,,,0,100,,9754,13,,,0,100,,9753,13,,,0,100,,9763,13,,,0,100,,9764,13,,,0
6100,'1',624,,9798,7,,,0,10,,9796,7,,,0,70,,9795,7,,,0,30,,9794,7,,,0,70,,9793,7,,,0,30,,9792,7,,,0,70,,9791,7,,,0,30,,9790,7,,,0,70,,9789,7,,,0,30,,9788,7,,,0,70,,9787,7,,,0,30,,9786,7,,,0,70,,9785,7,,,0,30,,9784,7,,,0,70,,9783,7,,,0,30,,9782,7,,,0,70,,9781,7,,,0,30,,9780,7,,,0,70,,9779,7,,,0,30,,9778,7,,,0,70,,9777,7,,,0,30,,9773,7,,,0,70,,9772,7,,,0,30,,9766,7,,,0,70,,9776,7,,,0,30,,9775,7,,,0,20,,9774,7,,,0,80,,9771,7,,,0,100,,9770,7,,,0,100,,9769,7,,,0,100,,9768,7,,,0,100,,9767,7,,,0,99,,9797,7,,,0
6100,'1201',811,,9809,7,,,0,8,,9801,7,,,0,10,,9802,7,,,0,20,,9803,7,,,0,307,,9810,7,,,0,65,,9811,7,,,0,304,,9805,7,0,13 14,0,10,,9807,7,0,13 14,0,10,,9804,7,0,13 14,0,7,,9806,7,,,0,67,,9799,7,,,0,30,,9800,7,,,0
6100,'13301',2534,,9812,7,,,0,100,,9813,7,,,0,100,,9814,7,,,0
6100,'2',634,,12444,7,,,0,100,,12443,7,,,0,100,,12442,7,,,0,100,,12441,7,,,0,100,,12440,7,,,0,100,,12439,7,,,0,70,,12438,7,,,0,30,,12437,7,,,0,70,,12436,7,,,0,30,,12435,7,,,0,70,,12434,7,,,0,30,,12433,7,,,0,70,,12432,7,,,0,30,,12431,7,,,0,70,,12430,7,,,0,30,,12426,7,,,0,70,,12425,7,,,0,30,,12419,7,,,0,70,,12429,7,,,0,30,,12428,7,,,0,20,,12427,7,,,0,80,,12424,7,,,0,100,,12423,7,,,0,100,,12422,7,,,0,100,,12421,7,,,0,100,,12420,7,,,0,99,,12445,7,,,0
6100,'3',834,,9827,7,,,0,100,,9826,7,,,0,100,,9825,7,,,0,100,,9824,7,,,0,100,,9823,7,,,0,100,,9822,7,,,0,100,,9821,7,,,0,100,,9820,7,,,0,100,,9818,7,,,0,100,,9815,7,,,0,100,,9819,7,,,0,100,,9817,7,,,0,100,,9816,7,,,0,99,,9828,7,,,0
6300,'1',604,,9923,22,,,0,30,,9922,22,,,0,70,,9921,22,,,0,30,,9920,22,,,0,74,,9919,22,,,0,26,,9918,22,,,0,70,,9917,22,,,0,30,,9916,22,,,0,70,,9915,22,,,0,30,,9914,22,,,0,70,,9913,22,,,0,30,,9912,22,,,0,70,,9911,22,,,0,30,,9910,22,,,0,70,,9909,22,,,0,30,,9908,22,,,0,70,,9907,22,,,0,30,,9906,22,,,0,70,,9905,22,,,0,30,,9904,22,,,0,70,,9903,22,,,0,30,,9902,22,,,0,70,,9901,22,,,0,30,,9900,22,,,0,70,,9899,22,,,0,30,,9898,22,,,0,70,,9897,22,,,0,100,,9896,22,,,0,100,,9895,22,,,0,100,,9894,22,,,0,100,,9893,22,,,0,100,,9892,22,,,0
6300,'1201',804,,9924,22,,,0
6300,'13301',2604,,9925,22,,,0,100,,9926,22,,,0
6300,'2',604,,12499,22,,,0,100,,12498,22,,,0,100,,12497,22,,,0,100,,12496,22,,,0,100,,12495,22,,,0,100,,12494,22,,,0,30,,12493,22,,,0,70,,12492,22,,,0,30,,12491,22,,,0,70,,12490,22,,,0,30,,12489,22,,,0,70,,12488,22,,,0,30,,12487,22,,,0,70,,12486,22,,,0,30,,12485,22,,,0,70,,12484,22,,,0,30,,12483,22,,,0,70,,12482,22,,,0,30,,12481,22,,,0,70,,12480,22,,,0,30,,12479,22,,,0,70,,12478,22,,,0,100,,12477,22,,,0,100,,12476,22,,,0,100,,12475,22,,,0,100,,12474,22,,,0,100,,12473,22,,,0
6300,'3',904,,9939,22,,,0,100,,9938,22,,,0,100,,9937,22,,,0,100,,9936,22,,,0,100,,9935,22,,,0,100,,9934,22,,,0,100,,9933,22,,,0,100,,9932,22,,,0,100,,9931,22,,,0,100,,9930,22,,,0,100,,9929,22,,,0,100,,9928,22,,,0,100,,9927,22,,,0
6400,'1',631,,9991,10,,,0,70,,9992,10,,,0,30,,9993,10,,,0,70,,9994,10,,,0,30,,9995,10,,,0,70,,9996,10,,,0,30,,9997,10,,,0,70,,9998,10,,,0,30,,9999,10,,,0,70,,10000,10,,,0,30,,10001,10,,,0,70,,10002,10,,,0,30,,10003,10,,,0,70,,10004,10,,,0,30,,10005,10,,,0,70,,10006,10,,,0,30,,10007,10,,,0,70,,10008,10,,,0,30,,10009,10,,,0,70,,10010,10,,,0,30,,10011,10,,,0,70,,10012,10,,,0,30,,10013,10,,,0,70,,10014,10,,,0,30,,10015,10,,,0,28,,10016,10,,,0,93,,10017,10,,,0,100,,10018,10,,,0,100,,10019,10,,,0,100,,10020,10,,,0,100,,10021,10,,,0,96,,10022,10,,,0
6400,'2',652,,12534,10,,,0,100,,12535,10,,,0,100,,12536,10,,,0,100,,12537,10,,,0,149,,12538,10,,,0,30,,12539,10,,,0,70,,12540,10,,,0,30,,12541,10,,,0,70,,12542,10,,,0,30,,12543,10,,,0,70,,12544,10,,,0,30,,12545,10,,,0,70,,12546,10,,,0,30,,12547,10,,,0,70,,12548,10,,,0,30,,12549,10,,,0,70,,12550,10,,,0,30,,12551,10,,,0,70,,12552,10,,,0,30,,12553,10,,,0,21,,12554,10,,,0,100,,12528,10,,,0,100,,12529,10,,,0,100,,12530,10,,,0,100,,12531,10,,,0,100,,12533,10,,,0,96,,12532,10,,,0
6400,'3',852,,10026,10,,,0,100,,10027,10,,,0,100,,10028,10,,,0,100,,10029,10,,,0,100,,10030,10,,,0,100,,10031,10,,,0,100,,10032,10,,,0,100,,10033,10,,,0,100,,10034,10,,,0,100,,10035,10,,,0,100,,10036,10,,,0,100,,10023,10,,,0,100,,10024,10,,,0,96,,10025,10,,,0
6500,'1',608,,10113,7,,,0,30,,10114,7,,,0,70,,10112,7,,,0,30,,10111,7,,,0,70,,10110,7,,,0,30,,10109,7,,,0,70,,10108,7,,,0,30,,10107,7,,,0,70,,10106,7,,,0,30,,10105,7,,,0,70,,10104,7,,,0,30,,10103,7,,,0,70,,10102,7,,,0,30,,10101,7,,,0,70,,10100,7,,,0,30,,10099,7,,,0,70,,10098,7,,,0,30,,10097,7,,,0,70,,10096,7,,,0,30,,10095,7,,,0,70,,10094,7,,,0,30,,10093,7,,,0,70,,10092,7,,,0,30,,10091,7,,,0,70,,10090,7,,,0,30,,10089,7,,,0,65,,10115,7,0,6 15,0,16,,10088,7,,,0,100,,10087,7,,,0,100,,10083,7,,,0,100,,10085,7,,,0,100,,10084,7,,,0,99,,10086,7,,,0
6500,'13301',2518,,10118,7,,,0,100,,10119,7,,,0,100,,10120,7,,,0
6500,'2',619,,12608,7,,,0,100,,12607,7,,,0,100,,12606,7,,,0,100,,12605,7,,,0,100,,12604,7,,,0,85,,12603,7,,,0,30,,12602,7,,,0,70,,12601,7,,,0,30,,12600,7,,,0,70,,12599,7,,,0,30,,12598,7,,,0,70,,12597,7,,,0,30,,12596,7,,,0,70,,12595,7,,,0,30,,12594,7,,,0,70,,12593,7,,,0,30,,12592,7,,,0,70,,12591,7,,,0,30,,12590,7,,,0,70,,12589,7,,,0,30,,12588,7,,,0,69,,12609,7,0,6 15,0,16,,12587,7,,,0,100,,12586,7,,,0,100,,12582,7,,,0,100,,12584,7,,,0,100,,12583,7,,,0,99,,12585,7,,,0
6500,'3',919,,10125,7,,,0,100,,10124,7,,,0,100,,10127,7,,,0,100,,10128,7,,,0,100,,10129,7,,,0,100,,10130,7,,,0,100,,10131,7,,,0,100,,10132,7,,,0,100,,10133,7,,,0,100,,10134,7,,,0,100,,10123,7,,,0,100,,10122,7,,,0,99,,10121,7,,,0
6501,'1',648,,10167,13,,,0,70,,10166,13,,,0,30,,10165,13,,,0,70,,10164,13,,,0,30,,10163,13,,,0,70,,10162,13,,,0,30,,10161,13,,,0,70,,10160,13,,,0,30,,10159,13,,,0,70,,10158,13,,,0,30,,10157,13,,,0,70,,10156,13,,,0,30,,10155,13,,,0,70,,10154,13,,,0,30,,10153,13,,,0,70,,10152,13,,,0,30,,10151,13,,,0,70,,10150,13,,,0,30,,10149,13,,,0,70,,10148,13,,,0,30,,10147,13,,,0,70,,10146,13,,,0,30,,10145,13,,,0,70,,10144,13,,,0,30,,10143,13,,,0,55,,10135,13,,,0,100,,10142,13,,,0,100,,10141,13,,,0,100,,10140,13,,,0,100,,10139,13,,,0,101,,10138,13,,,0
6501,'13301',2503,,10168,13,,,0,100,,10169,13,,,0,100,,10170,13,,,0
6501,'2',703,,12638,13,,,0,100,,12637,13,,,0,100,,12636,13,,,0,100,,12635,13,,,0,100,,12634,13,,,0,15,,12633,13,,,0,30,,12632,13,,,0,70,,12631,13,,,0,30,,12630,13,,,0,70,,12629,13,,,0,30,,12628,13,,,0,70,,12627,13,,,0,30,,12626,13,,,0,70,,12625,13,,,0,30,,12624,13,,,0,70,,12623,13,,,0,30,,12622,13,,,0,70,,12621,13,,,0,30,,12620,13,,,0,70,,12619,13,,,0,30,,12618,13,,,0,55,,12610,13,,,0,100,,12617,13,,,0,100,,12616,13,,,0,100,,12615,13,,,0,100,,12614,13,,,0,101,,12613,13,,,0
6501,'3',903,,10176,13,,,0,100,,10175,13,,,0,100,,10174,13,,,0,100,,10177,13,,,0,100,,10178,13,,,0,100,,10179,13,,,0,100,,10180,13,,,0,100,,10181,13,,,0,100,,10182,13,,,0,100,,10183,13,,,0,100,,10171,13,,,0,100,,10173,13,,,0,100,,10172,13,,,0
31500,'1201',1519,,10526,12,,,0,20,,10527,5,,,0,10,,10525,14,,,0
