3000,'1',547,,8876,1,,,0,75,,8877,10,4,,0,2,,8878,1,,,0,78,,8879,10,4,,0,42,,8881,10,4,,0,80,,8882,10,4,,0,80,,8883,10,4,,0,41,,8884,10,4,,0,2,,8901,1,,,0,78,,8885,10,4,,0,2,,8902,1,,,0,78,,8886,10,4,,0,2,,8903,1,,,0,38,,8887,10,4,,0,2,,8904,1,,,0,78,,8888,10,4,,0,2,,8905,1,,,0,78,,8889,10,4,,0,2,,8906,1,,,0,38,,8890,10,4,,0,2,,8907,1,,,0,78,,8891,10,4,,0,2,,8908,1,,,0,78,,8892,10,4,,0,2,,8909,1,,,0,42,,8893,10,4,,0,80,,8894,10,4,,0,80,,8895,10,4,,0,40,,8896,10,4,,0,80,,8897,10,4,,0,76,,8870,10,4,,0,4,,8864,1,,,0,91,,8871,10,4,,0,2,,8865,1,,,0,98,,8872,10,4,,0,2,,8866,1,,,0,98,,8873,10,4,,0,2,,8867,1,,,0,98,,8874,10,4,,0,2,,8868,1,,,0,99,,8875,10,4,,0,2,,8869,1,,,0
3000,'13301',2500,,8918,10,4,,0,3,,8915,1,,,0,97,,8919,10,4,,0,3,,8916,1,,,0,97,,8920,10,4,,0,3,,8917,1,,,0
3000,'2',620,,11994,1,,,0,85,,11995,10,4,,0,2,,11996,1,,,0,98,,11997,10,4,,0,2,,12012,1,,,0,98,,11998,10,4,,0,2,,12013,1,,,0,98,,11999,10,4,,0,2,,12014,1,,,0,103,,12000,10,4,,0,40,,12001,10,4,,0,80,,12002,10,4,,0,80,,12003,10,4,,0,40,,12004,10,4,,0,80,,12005,10,4,,0,80,,12006,10,4,,0,40,,12007,10,4,,0,80,,12008,10,4,,0,80,,12009,10,4,,0,40,,12010,10,4,,0,80,,12011,10,4,,0,75,,11988,10,4,,0,2,,11982,1,,,0,98,,11989,10,4,,0,2,,11983,1,,,0,98,,11990,10,4,,0,2,,11984,1,,,0,98,,11991,10,4,,0,2,,11985,1,,,0,98,,11992,10,4,,0,2,,11986,1,,,0,98,,11993,10,4,,0
3000,'3',810,,8921,1,,,0,95,,8934,10,4,,0,100,,8935,10,4,,0,100,,8936,10,4,,0,100,,8937,10,4,,0,100,,8938,10,4,,0,100,,8939,10,4,,0,100,,8940,10,4,,0,100,,8941,10,4,,0,100,,8942,10,4,,0,100,,8943,10,4,,0,100,,8944,10,4,,0,100,,8945,10,4,,0,100,,8946,10,4,,0
3500,'1',530,,9003,1,,,0,80,,9004,1,,,0,31,,9023,12,4,,0,2,,9005,1,,,0,80,,9024,12,4,,0,80,,9025,12,4,,0,40,,9026,12,4,,0,80,,9027,12,4,,0,82,,9028,12,4,,0,2,,9010,1,,,0,38,,9029,12,4,,0,2,,9011,1,,,0,78,,9030,12,4,,0,2,,9012,1,,,0,78,,9031,12,4,,0,2,,9013,1,,,0,38,,9032,12,4,,0,2,,9014,1,,,0,78,,9033,12,4,,0,2,,9015,1,,,0,78,,9034,12,4,,0,2,,9016,1,,,0,38,,9035,12,4,,0,2,,9017,1,,,0,82,,9036,12,4,,0,80,,9037,12,4,,0,40,,9038,12,4,,0,80,,9039,12,4,,0,80,,9040,12,4,,0,36,,9041,12,4,,0,4,,9042,1,,,0,81,,8996,12,4,,0,2,,8991,1,,,0,98,,8997,12,4,,0,2,,8992,1,,,0,98,,8998,12,4,,0,2,,8993,1,,,0,98,,8999,12,4,,0,2,,8994,1,,,0,98,,9000,12,4,,0,2,,8995,1,,,0,99,,9001,12,4,,0,2,,9002,1,,,0
3500,'13301',2531,,9043,12,4,,0,2,,9046,1,,,0,98,,9044,12,4,,0,2,,9047,1,,,0,98,,9045,12,4,,0
3500,'2',635,,12062,1,,,0,100,,12078,12,4,,0,100,,12079,12,4,,0,100,,12080,12,4,,0,100,,12081,12,4,,0,95,,12082,12,4,,0,80,,12083,12,4,,0,40,,12084,12,4,,0,80,,12085,12,4,,0,80,,12086,12,4,,0,40,,12087,12,4,,0,80,,12088,12,4,,0,80,,12089,12,4,,0,40,,12090,12,4,,0,80,,12091,12,4,,0,80,,12092,12,4,,0,125,,12055,12,4,,0,100,,12056,12,4,,0,100,,12057,12,4,,0,100,,12058,12,4,,0,100,,12059,12,4,,0,95,,12060,12,4,,0
3500,'3',835,,9048,1,,,0,100,,9059,12,4,,0,100,,9060,12,4,,0,100,,9061,12,4,,0,100,,9062,12,4,,0,100,,9063,12,4,,0,100,,9064,12,4,,0,100,,9065,12,4,,0,100,,9066,12,4,,0,100,,9067,12,4,,0,100,,9068,12,4,,0,100,,9071,12,4,,0,100,,9072,12,4,,0,95,,9073,12,4,,0
51401,'1',640,,10574,3,,,0
122501,'13802',1114,,12810,3,0,29 2 10 12,0,100,,12811,3,0,29 2 10 12,0,100,,12812,3,0,29 2 10 12,0,100,,12813,3,0,29 2 10 12,0,100,,12814,3,0,29 2 10 12,0,100,,12815,3,0,29 2 10 12,0,100,,12816,3,0,29 2 10 12,0
122501,'13803',1114,,10625,3,0,29 2 10 12,0,100,,10626,3,0,29 2 10 12,0,100,,10627,3,0,29 2 10 12,0,100,,10628,3,0,29 2 10 12,0,100,,10629,3,0,29 2 10 12,0,100,,10630,3,0,29 2 10 12,0,100,,10631,3,0,29 2 10 12,0
