601,'1',609,,6986,35,0,18 19,0,30,,6987,35,0,18 19,0,70,,6955,35,0,18 19,0,30,,6956,35,0,18 19,0,70,,6957,35,0,18 19,0,30,,6958,35,0,18 19,0,70,,6959,35,0,18 19,0,30,,6960,35,0,18 19,0,70,,6961,35,0,18 19,0,30,,6962,35,0,18 19,0,70,,6963,35,0,18 19,0,30,,6964,35,0,18 19,0,70,,6965,35,0,18 19,0,30,,6966,35,0,18 19,0,70,,6967,35,0,18 19,0,30,,6968,35,0,18 19,0,70,,6969,35,0,18 19,0,30,,6970,35,0,18 19,0,70,,6971,35,0,18 19,0,30,,6972,35,0,18 19,0,70,,6973,35,0,18 19,0,30,,6974,35,0,18 19,0,70,,6975,35,0,18 19,0,30,,6976,35,0,18 19,0,70,,6977,35,0,18 19,0,30,,6978,35,0,18 19,0,70,,6979,35,0,18 19,0,31,,6980,35,0,18 19,0,100,,6981,35,0,18 19,0,100,,6982,35,0,18 19,0,100,,6983,35,0,18 19,0,100,,6984,35,0,18 19,0,95,,6985,35,0,18 19,0
601,'13301',2540,,6988,35,0,18 19,0,100,,6989,35,0,18 19,0,100,,6990,35,0,18 19,0
601,'2',640,,11016,35,0,18 19,0,100,,11017,35,0,18 19,0,100,,11018,35,0,18 19,0,100,,11019,35,0,18 19,0,100,,11020,35,0,18 19,0,100,,11021,35,0,18 19,0,69,,11022,35,0,18 19,0,30,,11023,35,0,18 19,0,70,,11024,35,0,18 19,0,30,,11025,35,0,18 19,0,70,,11026,35,0,18 19,0,30,,11027,35,0,18 19,0,70,,11028,35,0,18 19,0,30,,11029,35,0,18 19,0,70,,11030,35,0,18 19,0,30,,11031,35,0,18 19,0,70,,11032,35,0,18 19,0,30,,11033,35,0,18 19,0,70,,11034,35,0,18 19,0,30,,11035,35,0,18 19,0,70,,11036,35,0,18 19,0,31,,11037,35,0,18 19,0,100,,11038,35,0,18 19,0,100,,11039,35,0,18 19,0,100,,11040,35,0,18 19,0,100,,11041,35,0,18 19,0,95,,11042,35,0,18 19,0
601,'3',840,,6991,35,0,18 19,0,100,,6992,35,0,18 19,0,100,,6993,35,0,18 19,0,100,,6994,35,0,18 19,0,100,,6995,35,0,18 19,0,100,,6996,35,0,18 19,0,100,,6997,35,0,18 19,0,100,,6998,35,0,18 19,0,100,,6999,35,0,18 19,0,100,,7000,35,0,18 19,0,100,,7001,35,0,18 19,0,100,,7002,35,0,18 19,0,100,,7003,35,0,18 19,0,95,,7004,35,0,18 19,0
1900,'1',612,,8466,33,,,0,30,,8467,33,,,0,70,,8468,33,,,0,30,,8469,33,,,0,70,,8470,33,,,0,30,,8497,33,,,0,70,,8471,33,,,0,30,,8472,33,,,0,70,,8473,33,,,0,30,,8474,33,,,0,70,,8475,33,,,0,30,,8476,33,,,0,70,,8477,33,,,0,30,,8478,33,,,0,70,,8479,33,,,0,30,,8480,33,,,0,70,,8481,33,,,0,30,,8482,33,,,0,70,,8483,33,,,0,30,,8484,33,,,0,70,,8485,33,,,0,30,,8486,33,,,0,70,,8487,33,,,0,30,,8488,33,,,0,70,,8489,33,,,0,30,,8490,33,,,0,70,,8491,33,,,0,100,,8492,33,,,0,100,,8493,33,,,0,100,,8494,33,,,0,100,,8495,33,,,0,100,,8496,33,,,0
1900,'13301',2513,,8498,33,,,0,100,,8499,33,,,0,100,,8500,33,,,0
1900,'2',712,,11827,33,,,0,100,,11826,33,,,0,100,,11825,33,,,0,100,,11824,33,,,0,100,,11823,33,,,0,30,,11822,33,,,0,70,,11821,33,,,0,30,,11820,33,,,0,70,,11819,33,,,0,30,,11818,33,,,0,70,,11817,33,,,0,30,,11816,33,,,0,70,,11815,33,,,0,30,,11814,33,,,0,70,,11813,33,,,0,30,,11812,33,,,0,70,,11811,33,,,0,30,,11810,33,,,0,70,,11809,33,,,0,30,,11808,33,,,0,70,,11807,33,,,0,100,,11806,33,,,0,100,,11805,33,,,0,100,,11804,33,,,0,100,,11803,33,,,0,100,,11802,33,,,0
1900,'3',912,,8514,33,,,0,100,,8513,33,,,0,100,,8512,33,,,0,100,,8511,33,,,0,100,,8510,33,,,0,100,,8509,33,,,0,100,,8508,33,,,0,100,,8507,33,,,0,100,,8506,33,,,0,100,,8505,33,,,0,100,,8504,33,,,0,100,,8503,33,,,0,100,,8502,33,,,0,43,,8501,22,,,0
30501,'1201',1631,,10521,4,,,0
30501,'12801',1631,,10522,4,,,0
