1200,'1',642,,7698,42,,,0,70,,7699,42,,,0,30,,7700,42,,,0,70,,7701,42,,,0,30,,7702,42,,,0,70,,7703,42,,,0,30,,7704,42,,,0,70,,7705,42,,,0,30,,7706,42,,,0,70,,7707,42,,,0,30,,7708,42,,,0,70,,7709,42,,,0,30,,7710,42,,,0,70,,7711,42,,,0,30,,7712,42,,,0,70,,7713,42,,,0,30,,7714,42,,,0,70,,7715,42,,,0,30,,7716,42,,,0,70,,7717,42,,,0,30,,7718,42,,,0,70,,7719,42,,,0,30,,7720,42,,,0,70,,7721,42,,,0,30,,7722,42,,,0,100,,7723,42,,,0,100,,7724,42,,,0,100,,7725,42,,,0,100,,7726,42,,,0,100,,7727,42,,,0,96,,7728,42,,,0
1200,'13301',2537,,7729,42,,,0,100,,7730,42,,,0,100,,7731,42,,,0
1200,'2',642,,11407,42,,,0,100,,11408,42,,,0,100,,11409,42,,,0,100,,11410,42,,,0,100,,11411,42,,,0,100,,11412,42,,,0,70,,11413,42,,,0,30,,11414,42,,,0,70,,11415,42,,,0,30,,11416,42,,,0,70,,11417,42,,,0,30,,11418,42,,,0,70,,11419,42,,,0,30,,11420,42,,,0,70,,11421,42,,,0,30,,11422,42,,,0,70,,11423,42,,,0,30,,11424,42,,,0,70,,11425,42,,,0,30,,11426,42,,,0,100,,11427,42,,,0,100,,11428,42,,,0,100,,11429,42,,,0,100,,11430,42,,,0,100,,11431,42,,,0,96,,11432,42,,,0
1200,'3',942,,7732,42,,,0,100,,7733,42,,,0,100,,7734,42,,,0,100,,7735,42,,,0,100,,7736,42,,,0,100,,7737,42,,,0,100,,7738,42,,,0,100,,7739,42,,,0,100,,7740,42,,,0,100,,7741,42,,,0,100,,7742,42,,,0,100,,7743,42,,,0,96,,7744,42,,,0
3000,'1',605,,8876,26,,,0,37,,8878,26,,,0,78,,8880,26,,,0,82,,8898,26,,,0,40,,8899,26,,,0,80,,8900,26,,,0,81,,8901,26,,,0,40,,8902,26,,,0,80,,8903,26,,,0,80,,8904,26,,,0,40,,8905,26,,,0,80,,8906,26,,,0,80,,8907,26,,,0,40,,8908,26,,,0,82,,8909,26,,,0,82,,8910,26,,,0,40,,8911,26,,,0,80,,8912,26,,,0,80,,8913,26,,,0,40,,8914,26,,,0,78,,8864,26,,,0,93,,8865,26,,,0,100,,8866,26,,,0,100,,8867,26,,,0,100,,8868,26,,,0,101,,8869,26,,,0
3000,'13301',2519,,8915,26,,,0,100,,8916,26,,,0,100,,8917,26,,,0
3000,'2',631,,11994,26,,,0,95,,11996,26,,,0,100,,12012,26,,,0,100,,12013,26,,,0,100,,12014,26,,,0,103,,12015,26,,,0,80,,12016,26,,,0,40,,12017,26,,,0,80,,12018,26,,,0,80,,12019,26,,,0,40,,12020,26,,,0,80,,12021,26,,,0,80,,12022,26,,,0,40,,12023,26,,,0,80,,12024,26,,,0,80,,12025,26,,,0,40,,12026,26,,,0,78,,11982,26,,,0,100,,11983,26,,,0,100,,11984,26,,,0,100,,11985,26,,,0,100,,11986,26,,,0,94,,11987,26,,,0
3000,'3',824,,8921,26,,,0,100,,8922,26,,,0,100,,8923,26,,,0,100,,8924,26,,,0,100,,8925,26,,,0,100,,8926,26,,,0,100,,8927,26,,,0,100,,8928,26,,,0,100,,8929,26,,,0,100,,8930,26,,,0,100,,8931,26,,,0,100,,8932,26,,,0,100,,8933,26,,,0,100,,8947,26,,,0
3500,'1',546,,9003,26,,,0,80,,9004,26,,,0,33,,9005,26,,,0,83,,9006,26,,,0,80,,9007,26,,,0,80,,9008,26,,,0,40,,9009,26,,,0,83,,9010,26,,,0,80,,9011,26,,,0,40,,9012,26,,,0,80,,9013,26,,,0,80,,9014,26,,,0,40,,9015,26,,,0,80,,9016,26,,,0,80,,9017,26,,,0,43,,9018,26,,,0,80,,9019,26,,,0,80,,9020,26,,,0,40,,9021,26,,,0,80,,9022,26,,,0,77,,9042,26,,,0,43,,8991,26,,,0,100,,8992,26,,,0,100,,8993,26,,,0,100,,8994,26,,,0,100,,8995,26,,,0,101,,9002,26,,,0
3500,'13301',2549,,9046,26,,,0,100,,9047,26,,,0
3500,'2',654,,12062,26,,,0,100,,12063,26,,,0,100,,12064,26,,,0,100,,12065,26,,,0,100,,12066,26,,,0,95,,12067,26,,,0,80,,12068,26,,,0,80,,12069,26,,,0,40,,12070,26,,,0,80,,12071,26,,,0,80,,12072,26,,,0,40,,12073,26,,,0,80,,12074,26,,,0,80,,12075,26,,,0,40,,12076,26,,,0,80,,12077,26,,,0,125,,12050,26,,,0,100,,12051,26,,,0,100,,12052,26,,,0,100,,12053,26,,,0,100,,12054,26,,,0,93,,12061,26,,,0
3500,'3',854,,9048,26,,,0,100,,9049,26,,,0,100,,9050,26,,,0,100,,9051,26,,,0,100,,9052,26,,,0,100,,9053,26,,,0,100,,9054,26,,,0,100,,9055,26,,,0,100,,9056,26,,,0,100,,9057,26,,,0,100,,9058,26,,,0,100,,9069,26,,,0,100,,9070,26,,,0,93,,9074,26,,,0
