601,'1',543,,6986,2,0,18 19,0,70,,6987,2,0,18 19,0,30,,6955,2,0,18 19,0,70,,6956,2,0,18 19,0,30,,6957,2,0,18 19,0,70,,6958,2,0,18 19,0,30,,6959,2,0,18 19,0,70,,6960,2,0,18 19,0,30,,6961,2,0,18 19,0,70,,6962,2,0,18 19,0,30,,6963,2,0,18 19,0,70,,6964,2,0,18 19,0,30,,6965,2,0,18 19,0,70,,6966,2,0,18 19,0,30,,6967,2,0,18 19,0,70,,6968,2,0,18 19,0,30,,6969,2,0,18 19,0,70,,6970,2,0,18 19,0,30,,6971,2,0,18 19,0,70,,6972,2,0,18 19,0,30,,6973,2,0,18 19,0,70,,6974,2,0,18 19,0,30,,6975,2,0,18 19,0,70,,6976,2,0,18 19,0,30,,6977,2,0,18 19,0,70,,6978,2,0,18 19,0,30,,6979,2,0,18 19,0,72,,6980,2,0,18 19,0,100,,6981,2,0,18 19,0,100,,6982,2,0,18 19,0,100,,6983,2,0,18 19,0,100,,6984,2,0,18 19,0,95,,6985,2,0,18 19,0
601,'13301',2515,,6988,2,0,18 19,0,100,,6989,2,0,18 19,0,100,,6990,2,0,18 19,0
601,'2',615,,11016,2,0,18 19,0,100,,11017,2,0,18 19,0,100,,11018,2,0,18 19,0,100,,11019,2,0,18 19,0,100,,11020,2,0,18 19,0,100,,11021,2,0,18 19,0,28,,11022,2,0,18 19,0,70,,11023,2,0,18 19,0,30,,11024,2,0,18 19,0,70,,11025,2,0,18 19,0,30,,11026,2,0,18 19,0,70,,11027,2,0,18 19,0,30,,11028,2,0,18 19,0,70,,11029,2,0,18 19,0,30,,11030,2,0,18 19,0,70,,11031,2,0,18 19,0,30,,11032,2,0,18 19,0,70,,11033,2,0,18 19,0,30,,11034,2,0,18 19,0,70,,11035,2,0,18 19,0,30,,11036,2,0,18 19,0,72,,11037,2,0,18 19,0,100,,11038,2,0,18 19,0,100,,11039,2,0,18 19,0,100,,11040,2,0,18 19,0,100,,11041,2,0,18 19,0,95,,11042,2,0,18 19,0
601,'3',815,,6991,2,0,18 19,0,100,,6992,2,0,18 19,0,100,,6993,2,0,18 19,0,100,,6994,2,0,18 19,0,100,,6995,2,0,18 19,0,100,,6996,2,0,18 19,0,100,,6997,2,0,18 19,0,100,,6998,2,0,18 19,0,100,,6999,2,0,18 19,0,100,,7000,2,0,18 19,0,100,,7001,2,0,18 19,0,100,,7002,2,0,18 19,0,100,,7003,2,0,18 19,0,95,,7004,2,0,18 19,0
1601,'1',555,,8062,2,,,0,72,,8057,2,,,0,32,,8037,2,,,0,72,,8038,2,,,0,72,,8039,2,,,0,32,,8040,2,,,0,72,,8041,2,,,0,32,,8042,2,,,0,72,,8043,2,,,0,32,,8044,2,,,0,72,,8063,2,,,0,32,,8045,2,,,0,72,,8046,2,,,0,32,,8047,2,,,0,72,,8048,2,,,0,32,,8049,2,,,0,72,,8050,2,,,0,32,,8051,2,,,0,72,,8052,2,,,0,72,,8053,2,,,0,32,,8054,2,,,0,72,,8064,2,,,0,32,,8055,2,,,0,72,,8065,2,,,0,32,,8056,2,,,0,103,,8058,2,,,0,100,,8059,2,,,0,100,,8060,2,,,0,100,,8061,2,,,0,100,,8066,2,,,0
1601,'13301',2446,,8067,2,,,0,100,,8068,2,,,0,100,,8069,2,,,0
1601,'2',552,,11608,2,,,0,100,,11609,2,,,0,100,,11610,2,,,0,100,,11611,2,,,0,100,,11612,2,,,0,100,,11613,2,,,0,74,,11614,2,,,0,32,,11615,2,,,0,72,,11616,2,,,0,72,,11617,2,,,0,32,,11618,2,,,0,72,,11619,2,,,0,32,,11620,2,,,0,72,,11621,2,,,0,32,,11622,2,,,0,72,,11623,2,,,0,32,,11624,2,,,0,72,,11625,2,,,0,32,,11626,2,,,0,72,,11627,2,,,0,102,,11628,2,,,0,100,,11629,2,,,0,100,,11630,2,,,0,100,,11631,2,,,0,100,,11632,2,,,0
1601,'3',848,,8070,2,,,0,100,,8071,2,,,0,100,,8072,2,,,0,100,,8073,2,,,0,100,,8074,2,,,0,100,,8075,2,,,0,100,,8076,2,,,0,100,,8077,2,,,0,100,,8078,2,,,0,100,,8079,2,,,0,100,,8080,2,,,0,100,,8081,2,,,0,100,,8082,2,,,0
1901,'1',635,,8515,26,,,0,70,,8516,26,,,0,30,,8517,26,,,0,70,,8518,26,,,0,30,,8519,26,,,0,70,,8520,26,,,0,30,,8521,26,,,0,70,,8522,26,,,0,30,,8523,26,,,0,70,,8524,26,,,0,30,,8525,26,,,0,70,,8526,26,,,0,30,,8527,26,,,0,70,,8528,26,,,0,30,,8529,26,,,0,70,,8530,26,,,0,30,,8531,26,,,0,70,,8532,26,,,0,30,,8533,26,,,0,70,,8534,26,,,0,30,,8535,26,,,0,70,,8536,26,,,0,30,,8537,26,,,0,70,,8538,26,,,0,30,,8545,26,,,0,101,,8539,26,,,0,100,,8540,26,,,0,100,,8541,26,,,0,100,,8542,26,,,0,100,,8543,26,,,0
1901,'13301',2536,,8546,26,,,0,100,,8547,26,,,0,100,,8548,26,,,0
1901,'2',637,,11829,2,,,0,99,,11853,26,,,0,100,,11852,26,,,0,100,,11851,26,,,0,100,,11850,26,,,0,71,,11828,2,,,0,28,,11849,26,,,0,70,,11848,26,,,0,30,,11847,26,,,0,70,,11846,26,,,0,30,,11845,26,,,0,70,,11844,26,,,0,30,,11843,26,,,0,70,,11842,26,,,0,30,,11841,26,,,0,70,,11840,26,,,0,30,,11839,26,,,0,70,,11838,26,,,0,30,,11837,26,,,0,70,,11836,26,,,0,30,,11854,26,,,0,101,,11835,26,,,0,100,,11834,26,,,0,100,,11833,26,,,0,100,,11832,26,,,0,100,,11831,26,,,0
1901,'3',837,,8549,2,,,0,99,,8561,26,,,0,100,,8560,26,,,0,100,,8559,26,,,0,100,,8558,26,,,0,100,,8557,26,,,0,100,,8556,26,,,0,100,,8555,26,,,0,100,,8554,26,,,0,100,,8553,26,,,0,100,,8562,26,,,0,100,,8552,26,,,0,100,,8551,26,,,0
