500,'1',1944,,6797,3,4,,0,100,,6798,3,4,,0,100,,6799,3,4,,0,100,,6800,3,4,,0,100,,6801,3,4,,0
500,'13301',2444,,6809,3,4,,0,100,,6810,3,4,,0,100,,6811,3,4,,0
500,'3',944,,6828,3,4,,0,100,,6815,3,4,,0,100,,6832,3,4,,0,100,,6833,3,4,,0,100,,6834,3,4,,0,100,,6835,3,4,,0,100,,6836,3,4,,0,100,,6837,3,4,,0,100,,6838,3,4,,0,100,,6820,3,4,,0,100,,6819,3,4,,0,100,,6818,3,4,,0
1101,'1',1829,,7657,37,4,,0,30,,7656,37,4,,0,576,,7650,37,4,,0
1101,'3',2135,,7695,37,4,,0
1201,'1',614,,7775,38,4,,0,30,,7776,38,4,,0,70,,7745,38,4,,0,30,,7746,38,4,,0,70,,7747,38,4,,0,30,,7748,38,4,,0,70,,7749,38,4,,0,30,,7750,38,4,,0,70,,7751,38,4,,0,30,,7752,38,4,,0,70,,7753,38,4,,0,30,,7754,38,4,,0,70,,7755,38,4,,0,30,,7756,38,4,,0,70,,7757,38,4,,0,30,,7758,38,4,,0,70,,7759,38,4,,0,30,,7760,38,4,,0,70,,7761,38,4,,0,30,,7762,38,4,,0,70,,7763,38,4,,0,30,,7764,38,4,,0,70,,7765,38,4,,0,30,,7766,38,4,,0,70,,7767,38,4,,0,30,,7768,38,4,,0,70,,7769,38,4,,0,100,,7770,38,4,,0,100,,7771,38,4,,0,100,,7772,38,4,,0,100,,7773,38,4,,0,100,,7774,38,4,,0
1201,'13301',2514,,7777,38,4,,0,100,,7778,38,4,,0,100,,7779,38,4,,0
1201,'3',914,,7780,38,4,,0,100,,7781,38,4,,0,100,,7782,38,4,,0,100,,7783,38,4,,0,100,,7784,38,4,,0,100,,7785,38,4,,0,100,,7786,38,4,,0,100,,7787,38,4,,0,100,,7788,38,4,,0,100,,7789,38,4,,0,100,,7790,38,4,,0,100,,7791,38,4,,0,100,,7792,38,4,,0
1901,'1',616,,8515,1,,,0,30,,8516,1,,,0,70,,8517,1,,,0,30,,8518,1,,,0,70,,8519,1,,,0,30,,8520,1,,,0,70,,8521,1,,,0,30,,8522,1,,,0,70,,8523,1,,,0,30,,8524,1,,,0,70,,8525,1,,,0,30,,8526,1,,,0,70,,8527,1,,,0,30,,8528,1,,,0,70,,8529,1,,,0,30,,8530,1,,,0,70,,8531,1,,,0,30,,8532,1,,,0,70,,8533,1,,,0,30,,8534,1,,,0,70,,8535,1,,,0,30,,8536,1,,,0,70,,8537,1,,,0,30,,8538,1,,,0,70,,8545,1,,,0,100,,8539,1,,,0,100,,8540,1,,,0,100,,8541,1,,,0,100,,8542,1,,,0,100,,8543,1,,,0,101,,8544,1,0,23 12,0
1901,'13301',2516,,8546,1,,,0,100,,8547,1,,,0,100,,8548,1,,,0
1901,'3',916,,8561,1,,,0,100,,8560,1,,,0,100,,8559,1,,,0,100,,8558,1,,,0,100,,8557,1,,,0,100,,8556,1,,,0,100,,8555,1,,,0,100,,8554,1,,,0,100,,8553,1,,,0,100,,8562,1,,,0,100,,8552,1,,,0,100,,8551,1,,,0,101,,8550,1,0,23 12,0
3000,'1',608,,8877,1,,,0,40,,8879,1,,,0,80,,8881,1,,,0,80,,8882,1,,,0,40,,8883,1,,,0,83,,8884,1,,,0,80,,8885,1,,,0,40,,8886,1,,,0,80,,8887,1,,,0,80,,8888,1,,,0,40,,8889,1,,,0,80,,8890,1,,,0,80,,8891,1,,,0,40,,8892,1,,,0,82,,8893,1,,,0,80,,8894,1,,,0,40,,8895,1,,,0,80,,8896,1,,,0,80,,8897,1,,,0,38,,8870,1,,,0,95,,8871,1,,,0,100,,8872,1,,,0,100,,8873,1,,,0,100,,8874,1,,,0,101,,8875,1,,,0
3000,'13301',2446,,8918,1,,,0,100,,8919,1,,,0,100,,8920,1,,,0
3000,'3',846,,8934,1,,,0,100,,8935,1,,,0,100,,8936,1,,,0,100,,8937,1,,,0,100,,8938,1,,,0,100,,8939,1,,,0,100,,8940,1,,,0,100,,8941,1,,,0,100,,8942,1,,,0,100,,8943,1,,,0,100,,8944,1,,,0,100,,8945,1,,,0,101,,8946,1,,,0
3001,'1',622,,8954,11,4,,0,37,,8955,11,4,,0,84,,8956,11,4,,0,80,,8957,11,4,,0,80,,8958,11,4,,0,43,,8959,11,4,,0,77,,8960,11,4,,0,80,,8961,11,4,,0,40,,8962,11,4,,0,80,,8963,11,4,,0,80,,8964,11,4,,0,40,,8965,11,4,,0,80,,8966,11,4,,0,80,,8967,11,4,,0,43,,8968,11,4,,0,82,,8969,11,4,,0,80,,8970,11,4,,0,40,,8971,11,4,,0,80,,8972,11,4,,0,76,,8973,11,4,,0,534,,8953,11,4,,0
3500,'1',627,,9023,1,,,0,80,,9024,1,,,0,40,,9025,1,,,0,80,,9026,1,,,0,80,,9027,1,,,0,44,,9028,1,,,0,80,,9029,1,,,0,80,,9030,1,,,0,40,,9031,1,,,0,80,,9032,1,,,0,80,,9033,1,,,0,40,,9034,1,,,0,80,,9035,1,,,0,82,,9036,1,,,0,40,,9037,1,,,0,80,,9038,1,,,0,80,,9039,1,,,0,40,,9040,1,,,0,78,,9041,1,,,0,85,,8996,1,,,0,100,,8997,1,,,0,100,,8998,1,,,0,100,,8999,1,,,0,100,,9000,1,,,0,101,,9001,1,,,0
3500,'13301',2517,,9043,1,,,0,100,,9044,1,,,0,100,,9045,1,,,0
3500,'3',916,,9059,1,,,0,100,,9060,1,,,0,100,,9061,1,,,0,100,,9062,1,,,0,100,,9063,1,,,0,100,,9064,1,,,0,100,,9065,1,,,0,100,,9066,1,,,0,100,,9067,1,,,0,100,,9068,1,,,0,100,,9071,1,,,0,100,,9072,1,,,0,101,,9073,1,,,0
3501,'1',603,,9081,13,4,,0,40,,9082,13,4,,0,77,,9083,13,4,,0,83,,9084,13,4,,0,40,,9085,13,4,,0,80,,9086,13,4,,0,79,,9087,13,4,,0,43,,9088,13,4,,0,80,,9089,13,4,,0,80,,9090,13,4,,0,40,,9091,13,4,,0,80,,9092,13,4,,0,80,,9093,13,4,,0,40,,9094,13,4,,0,81,,9095,13,4,,0,83,,9096,13,4,,0,40,,9097,13,4,,0,80,,9098,13,4,,0,80,,9099,13,4,,0,40,,9075,13,4,,0,73,,9100,13,4,,0,85,,9076,13,4,,0,100,,9077,13,4,,0,100,,9078,13,4,,0,100,,9079,13,4,,0,100,,9080,13,4,,0
3501,'13301',2507,,9101,13,4,,0,100,,9102,13,4,,0,100,,9103,13,4,,0
3501,'3',914,,9104,13,4,,0,100,,9105,13,4,,0,100,,9106,13,4,,0,100,,9107,13,4,,0,100,,9108,13,4,,0,100,,9109,13,4,,0,100,,9110,13,4,,0,100,,9111,13,4,,0,100,,9112,13,4,,0,100,,9113,13,4,,0,100,,9114,13,4,,0,100,,9115,13,4,,0,100,,9116,13,4,,0
