6000,'1',619,,9686,1,,,0,30,,9685,1,,,0,70,,9684,1,,,0,30,,9683,1,,,0,70,,9682,1,,,0,30,,9681,1,,,0,70,,9680,1,,,0,30,,9679,1,,,0,70,,9678,1,,,0,30,,9677,1,,,0,70,,9676,1,,,0,30,,9675,1,,,0,70,,9674,1,,,0,30,,9673,1,,,0,70,,9672,1,,,0,30,,9671,1,,,0,70,,9670,1,,,0,30,,9669,1,,,0,70,,9668,1,,,0,30,,9667,1,,,0,70,,9666,1,,,0,30,,9665,1,,,0,70,,9664,1,,,0,30,,9663,1,,,0,70,,9662,1,,,0,30,,9687,1,,,0,96,,9661,1,,,0,100,,9660,1,,,0,100,,9659,1,,,0,100,,9658,1,,,0,100,,9657,1,,,0,99,,9656,1,0,6 15,0
6000,'13301',2444,,9691,1,,,0,100,,9692,1,,,0,100,,9693,1,,,0
6000,'2',645,,12391,1,,,0,100,,12390,1,,,0,100,,12389,1,,,0,100,,12388,1,,,0,100,,12387,1,,,0,70,,12386,1,,,0,30,,12385,1,,,0,70,,12384,1,,,0,30,,12383,1,,,0,70,,12382,1,,,0,30,,12381,1,,,0,70,,12380,1,,,0,30,,12379,1,,,0,70,,12378,1,,,0,30,,12377,1,,,0,70,,12376,1,,,0,30,,12375,1,,,0,70,,12374,1,,,0,30,,12373,1,,,0,70,,12372,1,,,0,30,,12392,1,,,0,100,,12371,1,,,0,100,,12370,1,,,0,100,,12369,1,,,0,100,,12368,1,,,0,100,,12367,1,,,0,99,,12366,1,0,6 15,0
6000,'3',845,,9706,1,,,0,100,,9705,1,,,0,100,,9704,1,,,0,100,,9703,1,,,0,100,,9702,1,,,0,100,,9701,1,,,0,100,,9700,1,,,0,100,,9699,1,,,0,100,,9698,1,,,0,100,,9697,1,,,0,100,,9707,1,,,0,100,,9696,1,,,0,100,,9695,1,,,0,99,,9694,1,0,6 15,0
6001,'1',619,,9709,12,4,,0,25,,9708,25,4,,0,70,,9732,25,4,,0,30,,9731,25,4,,0,70,,9730,25,4,,0,30,,9729,25,4,,0,70,,9728,25,4,,0,30,,9727,25,4,,0,70,,9726,25,4,,0,30,,9725,25,4,,0,70,,9724,25,4,,0,30,,9723,25,4,,0,70,,9722,25,4,,0,30,,9721,25,4,,0,70,,9720,25,4,,0,30,,9719,25,4,,0,70,,9718,25,4,,0,30,,9717,25,4,,0,70,,9716,25,4,,0,30,,9715,25,4,,0,70,,9714,25,4,,0,30,,9713,25,4,,0,70,,9712,25,4,,0,30,,9738,25,4,,0,70,,9739,25,4,,0,30,,9711,25,4,,0,100,,9710,25,4,,0,100,,9733,25,4,,0,100,,9734,25,4,,0,100,,9735,25,4,,0,100,,9736,25,4,,0,100,,9737,25,4,,0
6001,'13301',2543,,9749,25,4,,0,100,,9750,25,4,,0,100,,9751,25,4,,0
6001,'2',644,,12393,12,4,,0,100,,12418,25,4,,0,100,,12410,25,4,,0,100,,12409,25,4,,0,100,,12408,25,4,,0,100,,12407,25,4,,0,70,,12406,25,4,,0,30,,12405,25,4,,0,70,,12404,25,4,,0,30,,12403,25,4,,0,70,,12402,25,4,,0,30,,12401,25,4,,0,70,,12400,25,4,,0,30,,12399,25,4,,0,70,,12398,25,4,,0,30,,12397,25,4,,0,70,,12396,25,4,,0,30,,12416,25,4,,0,70,,12417,25,4,,0,30,,12395,25,4,,0,100,,12394,25,4,,0,100,,12411,25,4,,0,100,,12412,25,4,,0,100,,12413,25,4,,0,100,,12414,25,4,,0,100,,12415,25,4,,0
6001,'3',844,,9752,12,4,,0,100,,9762,25,4,,0,100,,9761,25,4,,0,100,,9760,25,4,,0,100,,9759,25,4,,0,100,,9758,25,4,,0,100,,9757,25,4,,0,100,,9756,25,4,,0,100,,9755,25,4,,0,100,,9765,25,4,,0,100,,9754,25,4,,0,100,,9753,25,4,,0,100,,9763,25,4,,0,100,,9764,25,4,,0
6500,'1',604,,10113,1,,,0,30,,10114,1,,,0,70,,10112,1,,,0,30,,10111,1,,,0,70,,10110,1,,,0,30,,10109,1,,,0,70,,10108,1,,,0,30,,10107,1,,,0,70,,10106,1,,,0,30,,10105,1,,,0,70,,10104,1,,,0,30,,10103,1,,,0,70,,10102,1,,,0,30,,10101,1,,,0,70,,10100,1,,,0,30,,10099,1,,,0,70,,10098,1,,,0,30,,10097,1,,,0,70,,10096,1,,,0,30,,10095,1,,,0,70,,10094,1,,,0,30,,10093,1,,,0,70,,10092,1,,,0,30,,10091,1,,,0,70,,10090,1,,,0,30,,10089,1,,,0,25,,10115,1,0,6 15,0,56,,10088,1,,,0,100,,10087,1,,,0,100,,10083,1,,,0,100,,10085,1,,,0,100,,10084,1,,,0,100,,10086,1,,,0
6500,'13301',2515,,10118,1,,,0,100,,10119,1,,,0,100,,10120,1,,,0
6500,'2',615,,12608,1,,,0,100,,12607,1,,,0,100,,12606,1,,,0,100,,12605,1,,,0,100,,12604,1,,,0,85,,12603,1,,,0,30,,12602,1,,,0,70,,12601,1,,,0,30,,12600,1,,,0,70,,12599,1,,,0,30,,12598,1,,,0,70,,12597,1,,,0,30,,12596,1,,,0,70,,12595,1,,,0,30,,12594,1,,,0,70,,12593,1,,,0,30,,12592,1,,,0,70,,12591,1,,,0,30,,12590,1,,,0,70,,12589,1,,,0,30,,12588,1,,,0,29,,12609,1,0,6 15,0,56,,12587,1,,,0,100,,12586,1,,,0,100,,12582,1,,,0,100,,12584,1,,,0,100,,12583,1,,,0,100,,12585,1,,,0
6500,'3',915,,10125,1,,,0,100,,10124,1,,,0,100,,10127,1,,,0,100,,10128,1,,,0,100,,10129,1,,,0,100,,10130,1,,,0,100,,10131,1,,,0,100,,10132,1,,,0,100,,10133,1,,,0,100,,10134,1,,,0,100,,10123,1,,,0,100,,10122,1,,,0,100,,10121,1,,,0
6501,'1',604,,10137,14,4,,0,30,,10136,14,4,,0,25,,10167,27,4,,0,70,,10166,27,4,,0,30,,10165,27,4,,0,70,,10164,27,4,,0,30,,10163,27,4,,0,70,,10162,27,4,,0,30,,10161,27,4,,0,70,,10160,27,4,,0,30,,10159,27,4,,0,70,,10158,27,4,,0,30,,10157,27,4,,0,70,,10156,27,4,,0,30,,10155,27,4,,0,70,,10154,27,4,,0,30,,10153,27,4,,0,70,,10152,27,4,,0,30,,10151,27,4,,0,70,,10150,27,4,,0,30,,10149,27,4,,0,70,,10148,27,4,,0,30,,10147,27,4,,0,70,,10146,27,4,,0,30,,10145,27,4,,0,70,,10144,27,4,,0,30,,10143,27,4,,0,55,,10135,27,4,,0,100,,10142,27,4,,0,100,,10141,27,4,,0,100,,10140,27,4,,0,100,,10139,27,4,,0,101,,10138,27,4,,0
6501,'13301',2514,,10168,27,4,,0,100,,10169,27,4,,0,100,,10170,27,4,,0
6501,'2',614,,12612,14,4,,0,100,,12638,27,4,,0,100,,12637,27,4,,0,100,,12636,27,4,,0,100,,12635,27,4,,0,86,,12611,14,4,,0,14,,12634,27,4,,0,15,,12633,27,4,,0,30,,12632,27,4,,0,70,,12631,27,4,,0,30,,12630,27,4,,0,70,,12629,27,4,,0,30,,12628,27,4,,0,70,,12627,27,4,,0,30,,12626,27,4,,0,70,,12625,27,4,,0,30,,12624,27,4,,0,70,,12623,27,4,,0,30,,12622,27,4,,0,70,,12621,27,4,,0,30,,12620,27,4,,0,70,,12619,27,4,,0,30,,12618,27,4,,0,55,,12610,27,4,,0,100,,12617,27,4,,0,100,,12616,27,4,,0,100,,12615,27,4,,0,100,,12614,27,4,,0,101,,12613,27,4,,0
6501,'3',914,,10176,27,4,,0,100,,10175,27,4,,0,100,,10174,27,4,,0,100,,10177,27,4,,0,100,,10178,27,4,,0,100,,10179,27,4,,0,100,,10180,27,4,,0,100,,10181,27,4,,0,100,,10182,27,4,,0,100,,10183,27,4,,0,100,,10171,27,4,,0,100,,10173,27,4,,0,100,,10172,27,4,,0
