701,'1',553,,7083,3,,,0,70,,7082,3,,,0,30,,7081,3,,,0,70,,7080,3,,,0,30,,7079,3,,,0,70,,7078,3,,,0,30,,7077,3,,,0,70,,7076,3,,,0,30,,7075,3,,,0,70,,7074,3,,,0,30,,7073,3,,,0,70,,7072,3,,,0,30,,7071,3,,,0,70,,7070,3,,,0,30,,7069,3,,,0,70,,7068,3,,,0,30,,7067,3,,,0,70,,7066,3,,,0,30,,7065,3,,,0,70,,7064,3,,,0,30,,7063,3,,,0,70,,7062,3,,,0,30,,7061,3,,,0,70,,7060,3,,,0,30,,7059,3,,,0,70,,7058,3,,,0,30,,7057,3,,,0,100,,7056,3,,,0,100,,7055,3,,,0,100,,7054,3,,,0,100,,7053,3,,,0,94,,7052,3,,,0
701,'13301',2453,,7084,3,,,0,100,,7085,3,,,0,100,,7086,3,,,0
701,'2',653,,11093,3,,,0,100,,11092,3,,,0,100,,11091,3,,,0,100,,11090,3,,,0,100,,11089,3,,,0,70,,11088,3,,,0,30,,11087,3,,,0,70,,11086,3,,,0,30,,11085,3,,,0,70,,11084,3,,,0,30,,11083,3,,,0,70,,11082,3,,,0,30,,11081,3,,,0,70,,11080,3,,,0,30,,11079,3,,,0,70,,11078,3,,,0,30,,11077,3,,,0,70,,11076,3,,,0,30,,11075,3,,,0,70,,11074,3,,,0,30,,11073,3,,,0,100,,11072,3,,,0,100,,11071,3,,,0,100,,11070,3,,,0,100,,11069,3,,,0,96,,11068,3,,,0
701,'3',853,,7099,3,,,0,100,,7098,3,,,0,100,,7097,3,,,0,100,,7096,3,,,0,100,,7095,3,,,0,100,,7094,3,,,0,100,,7093,3,,,0,100,,7092,3,,,0,100,,7091,3,,,0,100,,7090,3,,,0,100,,7089,3,,,0,100,,7088,3,,,0,96,,7087,3,,,0
2201,'1',630,,8573,3,,,0,79,,8572,3,,,0,30,,8574,3,,,0,70,,8571,3,,,0,30,,8570,3,,,0
6001,'1',612,,9709,3,,,0,24,,9708,16,,,0,70,,9732,16,,,0,30,,9731,16,,,0,70,,9730,16,,,0,30,,9729,16,,,0,70,,9728,16,,,0,30,,9727,16,,,0,70,,9726,16,,,0,30,,9725,16,,,0,70,,9724,16,,,0,30,,9723,16,,,0,70,,9722,16,,,0,30,,9721,16,,,0,70,,9720,16,,,0,30,,9719,16,,,0,70,,9718,16,,,0,30,,9717,16,,,0,70,,9716,16,,,0,30,,9715,16,,,0,70,,9714,16,,,0,30,,9713,16,,,0,70,,9712,16,,,0,30,,9738,16,,,0,70,,9739,16,,,0,30,,9711,16,,,0,100,,9710,16,,,0,100,,9733,16,,,0,100,,9734,16,,,0,100,,9735,16,,,0,100,,9736,16,,,0,100,,9737,16,,,0
6001,'13301',2535,,9749,16,,,0,100,,9750,16,,,0,100,,9751,16,,,0
6001,'2',637,,12393,3,,,0,99,,12418,16,,,0,100,,12410,16,,,0,100,,12409,16,,,0,100,,12408,16,,,0,100,,12407,16,,,0,70,,12406,16,,,0,30,,12405,16,,,0,70,,12404,16,,,0,30,,12403,16,,,0,70,,12402,16,,,0,30,,12401,16,,,0,70,,12400,16,,,0,30,,12399,16,,,0,70,,12398,16,,,0,30,,12397,16,,,0,70,,12396,16,,,0,30,,12416,16,,,0,70,,12417,16,,,0,30,,12395,16,,,0,100,,12394,16,,,0,100,,12411,16,,,0,100,,12412,16,,,0,100,,12413,16,,,0,100,,12414,16,,,0,100,,12415,16,,,0
6001,'3',837,,9752,3,,,0,99,,9762,16,,,0,100,,9761,16,,,0,100,,9760,16,,,0,100,,9759,16,,,0,100,,9758,16,,,0,100,,9757,16,,,0,100,,9756,16,,,0,100,,9755,16,,,0,100,,9765,16,,,0,100,,9754,16,,,0,100,,9753,16,,,0,100,,9763,16,,,0,100,,9764,16,,,0
6301,'1',639,,9971,3,,,0,70,,9970,3,,,0,35,,9968,3,,,0,65,,9969,3,,,0,30,,9967,3,,,0,70,,9945,3,,,0,30,,9966,3,,,0,70,,9965,3,,,0,30,,9964,3,,,0,70,,9963,3,,,0,30,,9962,3,,,0,70,,9961,3,,,0,30,,9960,3,,,0,70,,9959,3,,,0,30,,9958,3,,,0,70,,9957,3,,,0,30,,9956,3,,,0,70,,9955,3,,,0,30,,9946,3,,,0,70,,9954,3,,,0,30,,9953,3,,,0,70,,9952,3,,,0,30,,9951,3,,,0,70,,9950,3,,,0,30,,9949,3,,,0,100,,9944,3,,,0,100,,9943,3,,,0,100,,9942,3,,,0,100,,9941,3,,,0,100,,9940,3,,,0,95,,9972,3,,,0
6301,'1201',1550,,9974,3,,,0
6301,'13301',2538,,9975,3,,,0,100,,9976,3,,,0
6301,'2',639,,12526,3,,,0,100,,12525,3,,,0,100,,12524,3,,,0,100,,12523,3,,,0,100,,12522,3,,,0,70,,12521,3,,,0,30,,12520,3,,,0,70,,12519,3,,,0,30,,12518,3,,,0,70,,12517,3,,,0,30,,12516,3,,,0,70,,12515,3,,,0,30,,12514,3,,,0,70,,12513,3,,,0,30,,12505,3,,,0,70,,12512,3,,,0,30,,12511,3,,,0,70,,12510,3,,,0,30,,12509,3,,,0,70,,12508,3,,,0,30,,12507,3,,,0,100,,12504,3,,,0,100,,12503,3,,,0,100,,12502,3,,,0,100,,12501,3,,,0,100,,12500,3,,,0,95,,12527,3,,,0
6301,'3',839,,9989,3,,,0,100,,9988,3,,,0,100,,9987,3,,,0,100,,9986,3,,,0,100,,9985,3,,,0,100,,9984,3,,,0,100,,9983,3,,,0,100,,9979,3,,,0,100,,9982,3,,,0,100,,9981,3,,,0,100,,9980,3,,,0,100,,9978,3,,,0,100,,9977,3,,,0,95,,9990,3,,,0
