701,'1',618,,7083,33,,,0,30,,7082,33,,,0,70,,7081,33,,,0,32,,7080,33,,,0,70,,7079,33,,,0,30,,7078,33,,,0,70,,7077,33,,,0,30,,7076,33,,,0,70,,7075,33,,,0,30,,7074,33,,,0,70,,7073,33,,,0,30,,7072,33,,,0,70,,7071,33,,,0,30,,7070,33,,,0,70,,7069,33,,,0,30,,7068,33,,,0,70,,7067,33,,,0,30,,7066,33,,,0,70,,7065,33,,,0,30,,7064,33,,,0,70,,7063,33,,,0,30,,7062,33,,,0,70,,7061,33,,,0,30,,7060,33,,,0,70,,7059,33,,,0,30,,7058,33,,,0,67,,7057,33,,,0,100,,7056,33,,,0,100,,7055,33,,,0,100,,7054,33,,,0,100,,7053,33,,,0,92,,7052,33,,,0
701,'13301',2515,,7084,33,,,0,100,,7085,33,,,0,100,,7086,33,,,0
701,'2',719,,11093,33,,,0,100,,11092,33,,,0,100,,11091,33,,,0,100,,11090,33,,,0,100,,11089,33,,,0,30,,11088,33,,,0,70,,11087,33,,,0,30,,11086,33,,,0,70,,11085,33,,,0,30,,11084,33,,,0,70,,11083,33,,,0,30,,11082,33,,,0,70,,11081,33,,,0,30,,11080,33,,,0,70,,11079,33,,,0,30,,11078,33,,,0,70,,11077,33,,,0,30,,11076,33,,,0,70,,11075,33,,,0,30,,11074,33,,,0,70,,11073,33,,,0,100,,11072,33,,,0,100,,11071,33,,,0,100,,11070,33,,,0,100,,11069,33,,,0,90,,11068,33,,,0
701,'3',919,,7099,33,,,0,100,,7098,33,,,0,100,,7097,33,,,0,100,,7096,33,,,0,100,,7095,33,,,0,100,,7094,33,,,0,100,,7093,33,,,0,100,,7092,33,,,0,100,,7091,33,,,0,100,,7090,33,,,0,100,,7089,33,,,0,100,,7088,33,,,0,90,,7087,33,,,0
2201,'1',651,,8573,34,,,0,79,,8572,34,,,0,70,,8574,34,,,0,30,,8571,34,,,0,70,,8570,34,,,0
3001,'1',616,,8954,8,,,0,37,,8955,8,,,0,82,,8956,8,,,0,80,,8957,8,,,0,40,,8958,8,,,0,83,,8959,8,,,0,77,,8960,8,,,0,40,,8961,8,,,0,80,,8962,8,,,0,80,,8963,8,,,0,40,,8964,8,,,0,80,,8965,8,,,0,80,,8966,8,,,0,40,,8967,8,,,0,83,,8968,8,,,0,82,,8969,8,,,0,80,,8970,8,,,0,40,,8971,8,,,0,80,,8972,8,,,0,38,,8973,8,,,0,78,,8948,8,,,0,95,,8949,8,,,0,100,,8950,8,,,0,100,,8951,8,,,0,100,,8952,8,,,0,101,,8953,8,,,0
3001,'13301',2532,,8974,8,,,0,100,,8975,8,,,0,100,,8976,8,,,0
3001,'2',638,,12033,8,,,0,99,,12035,8,,,0,100,,12036,8,,,0,100,,12037,8,,,0,100,,12034,8,,,0,82,,12038,8,,,0,40,,12039,8,,,0,80,,12040,8,,,0,80,,12041,8,,,0,40,,12042,8,,,0,80,,12043,8,,,0,80,,12044,8,,,0,40,,12045,8,,,0,80,,12046,8,,,0,80,,12047,8,,,0,40,,12048,8,,,0,78,,12049,8,,,0,100,,12027,8,,,0,100,,12028,8,,,0,100,,12029,8,,,0,100,,12030,8,,,0,100,,12031,8,,,0,91,,12032,8,,,0
3001,'3',836,,8977,8,,,0,100,,8978,8,,,0,100,,8979,8,,,0,100,,8980,8,,,0,100,,8981,8,,,0,100,,8982,8,,,0,100,,8983,8,,,0,100,,8984,8,,,0,100,,8985,8,,,0,100,,8986,8,,,0,100,,8987,8,,,0,100,,8988,8,,,0,100,,8989,8,,,0,100,,8990,8,,,0
3501,'1',557,,9081,8,,,0,80,,9082,8,,,0,75,,9083,8,,,0,43,,9084,8,,,0,80,,9085,8,,,0,80,,9086,8,,,0,39,,9087,8,,,0,83,,9088,8,,,0,80,,9089,8,,,0,40,,9090,8,,,0,80,,9091,8,,,0,80,,9092,8,,,0,40,,9093,8,,,0,80,,9094,8,,,0,81,,9095,8,,,0,83,,9096,8,,,0,40,,9097,8,,,0,80,,9098,8,,,0,80,,9099,8,,,0,40,,9075,8,,,0,75,,9100,8,,,0,85,,9076,8,,,0,100,,9077,8,,,0,100,,9078,8,,,0,100,,9079,8,,,0,100,,9080,8,,,0
3501,'13301',2501,,9101,8,,,0,100,,9102,8,,,0,100,,9103,8,,,0
3501,'2',707,,12110,8,,,0,100,,12111,8,,,0,100,,12112,8,,,0,100,,12113,8,,,0,95,,12114,8,,,0,40,,12099,8,,,0,80,,12100,8,,,0,80,,12101,8,,,0,40,,12102,8,,,0,80,,12103,8,,,0,80,,12104,8,,,0,40,,12105,8,,,0,80,,12106,8,,,0,80,,12107,8,,,0,40,,12108,8,,,0,80,,12109,8,,,0,85,,12093,8,,,0,100,,12094,8,,,0,100,,12095,8,,,0,100,,12096,8,,,0,100,,12097,8,,,0,100,,12098,8,,,0
3501,'3',907,,9104,8,,,0,100,,9105,8,,,0,100,,9106,8,,,0,100,,9107,8,,,0,100,,9108,8,,,0,100,,9109,8,,,0,100,,9110,8,,,0,100,,9111,8,,,0,100,,9112,8,,,0,100,,9113,8,,,0,100,,9114,8,,,0,100,,9115,8,,,0,100,,9116,8,,,0
