301,'1',619,,6561,10,,,0,30,,6560,10,,,0,70,,6559,10,,,0,30,,6558,10,,,0,70,,6557,10,,,0,30,,6556,10,,,0,70,,6555,10,,,0,30,,6554,10,,,0,70,,6553,10,,,0,30,,6552,10,,,0,70,,6551,10,,,0,30,,6550,10,,,0,70,,6549,10,,,0,30,,6548,10,,,0,70,,6547,10,,,0,30,,6546,10,,,0,70,,6545,10,,,0,30,,6544,10,,,0,70,,6543,10,,,0,30,,6542,10,,,0,70,,6541,10,,,0,30,,6540,10,,,0,70,,6539,10,,,0,30,,6538,10,,,0,70,,6537,10,,,0,28,,6536,10,,,0,74,,6535,10,,,0,100,,6534,10,,,0,100,,6533,10,,,0,100,,6532,10,,,0,100,,6531,10,,,0,100,,6530,10,,,0
301,'13301',2521,,6562,10,,,0,100,,6563,10,,,0,100,,6564,10,,,0
301,'2',721,,10825,10,,,0,100,,10824,10,,,0,100,,10823,10,,,0,100,,10822,10,,,0,98,,10821,10,,,0,30,,10820,10,,,0,70,,10819,10,,,0,30,,10818,10,,,0,70,,10817,10,,,0,30,,10816,10,,,0,70,,10815,10,,,0,30,,10814,10,,,0,70,,10813,10,,,0,30,,10812,10,,,0,70,,10811,10,,,0,30,,10810,10,,,0,70,,10809,10,,,0,30,,10808,10,,,0,70,,10807,10,,,0,28,,10806,10,,,0,74,,10805,10,,,0,100,,10804,10,,,0,100,,10803,10,,,0,100,,10802,10,,,0,100,,10801,10,,,0,100,,10800,10,,,0
301,'3',921,,6577,10,,,0,100,,6576,10,,,0,100,,6575,10,,,0,100,,6574,10,,,0,100,,6573,10,,,0,100,,6572,10,,,0,100,,6571,10,,,0,100,,6570,10,,,0,100,,6569,10,,,0,100,,6568,10,,,0,100,,6567,10,,,0,100,,6566,10,,,0,100,,6565,10,,,0
501,'1',620,,6865,16,,,0,30,,6840,16,,,0,70,,6841,16,,,0,30,,6842,16,,,0,70,,6843,16,,,0,30,,6844,16,,,0,70,,6845,16,,,0,30,,6846,16,,,0,70,,6847,16,,,0,30,,6848,16,,,0,70,,6849,16,,,0,30,,6850,16,,,0,70,,6851,16,,,0,30,,6852,16,,,0,70,,6853,16,,,0,30,,6854,16,,,0,70,,6855,16,,,0,30,,6856,16,,,0,70,,6857,16,,,0,30,,6858,16,,,0,70,,6859,16,,,0,30,,6860,16,,,0,70,,6861,16,,,0,30,,6862,16,,,0,70,,6863,16,,,0,30,,6864,16,,,0,156,,6871,16,,,0,100,,6872,16,,,0,100,,6873,16,,,0,100,,6874,16,,,0,100,,6875,16,,,0
501,'1201',1536,,6876,8,,,0
501,'13301',2506,,6877,16,,,0,100,,6878,16,,,0,100,,6879,16,,,0
501,'2',706,,10989,16,,,0,100,,10987,16,,,0,100,,10985,16,,,0,100,,10983,16,,,0,114,,10981,16,,,0,30,,10980,16,,,0,70,,10979,16,,,0,30,,10978,16,,,0,70,,10977,16,,,0,30,,10976,16,,,0,70,,10975,16,,,0,30,,10974,16,,,0,70,,10973,16,,,0,30,,10972,16,,,0,70,,10971,16,,,0,30,,10970,16,,,0,70,,10969,16,,,0,30,,10968,16,,,0,70,,10967,16,,,0,30,,10966,16,,,0,156,,10965,16,,,0,100,,10964,16,,,0,100,,10963,16,,,0,100,,10962,16,,,0,100,,10961,16,,,0
501,'3',906,,6907,16,,,0,100,,6905,16,,,0,100,,6903,16,,,0,100,,6901,16,,,0,100,,6899,16,,,0,100,,6897,16,,,0,100,,6895,16,,,0,100,,6893,16,,,0,100,,6891,16,,,0,100,,6889,16,,,0,100,,6888,16,,,0,100,,6887,16,,,0,100,,6886,16,,,0
31501,'1201',837,,10528,12,4,,0
