1600,'1',632,,7990,10,,,0,72,,7991,10,,,0,32,,7992,10,,,0,72,,7993,10,,,0,32,,7994,10,,,0,72,,7995,10,,,0,32,,7996,10,,,0,72,,7997,10,,,0,32,,7998,10,,,0,72,,7999,10,,,0,32,,8000,10,,,0,72,,8010,10,,,0,32,,8011,10,,,0,72,,8001,10,,,0,72,,8002,10,,,0,32,,8003,10,,,0,72,,8004,10,,,0,32,,8005,10,,,0,72,,8006,10,,,0,32,,8007,10,,,0,72,,8008,10,,,0,32,,8012,10,,,0,72,,8009,10,,,0,31,,8013,10,,,0,75,,8014,10,,,0,100,,8015,10,,,0,100,,8016,10,,,0,100,,8017,10,,,0,100,,8018,10,,,0,100,,8019,10,,,0
1600,'13301',2522,,8020,10,,,0,100,,8021,10,,,0,100,,8022,10,,,0
1600,'2',625,,11583,10,,,0,100,,11584,10,,,0,100,,11585,10,,,0,100,,11586,10,,,0,100,,11587,10,,,0,103,,11588,10,,,0,74,,11589,10,,,0,32,,11590,10,,,0,72,,11591,10,,,0,32,,11592,10,,,0,72,,11593,10,,,0,32,,11594,10,,,0,72,,11595,10,,,0,32,,11596,10,,,0,72,,11597,10,,,0,32,,11598,10,,,0,72,,11599,10,,,0,32,,11600,10,,,0,72,,11601,10,,,0,31,,11602,10,,,0,100,,11603,10,,,0,100,,11604,10,,,0,100,,11605,10,,,0,100,,11606,10,,,0,100,,11607,10,,,0
1600,'3',821,,8036,10,,,0,100,,8023,10,,,0,100,,8024,10,,,0,100,,8025,10,,,0,100,,8026,10,,,0,100,,8027,10,,,0,100,,8028,10,,,0,100,,8029,10,,,0,100,,8030,10,,,0,100,,8031,10,,,0,100,,8032,10,,,0,100,,8033,10,,,0,100,,8034,10,,,0,101,,8035,10,,,0
1701,'1',601,,8256,20,0,7,0,23,,8266,1,,,0,20,,8267,1,,,0,60,,8268,1,,,0,20,,8269,1,,,0,20,,8270,1,,,0,60,,8271,1,,,0,20,,8272,1,,,0,20,,8273,1,,,0,60,,8274,1,,,0,20,,8275,1,,,0,19,,8276,1,,,0,75,,8292,1,,,0,25,,8277,1,,,0,70,,8278,1,,,0,35,,8279,1,,,0,70,,8280,1,,,0,30,,8281,1,,,0,70,,8293,1,,,0,30,,8294,1,,,0,70,,8295,1,,,0,30,,8296,1,,,0,58,,8297,1,,,0,21,,8298,1,,,0,20,,8300,1,,,0,60,,8299,1,,,0,20,,8301,1,,,0,20,,8302,1,,,0,60,,8303,1,,,0,20,,8304,1,,,0,20,,8305,1,,,0,60,,8306,1,,,0,20,,8283,1,,,0,20,,8284,1,,,0,77,,8285,1,,,0,85,,8286,1,,,0,45,,8287,1,,,0,85,,8288,1,,,0,85,,8289,1,,,0,85,,8290,1,,,0,45,,8291,1,,,0,85,,8264,20,4,,0
1701,'13301',2524,,8311,1,,,0,85,,8312,1,,,0,45,,8313,1,,,0,85,,8314,1,,,0
1701,'14001',731,,8315,20,0,7,0,20,,8316,20,0,7,0,60,,8317,20,0,7,0,20,,8318,20,0,7,0,20,,8319,20,0,7,0,60,,8320,20,0,7,0,20,,8321,20,0,7,0,19,,8322,20,0,7,0,604,,8330,20,0,7,0,60,,8323,20,0,7,0,20,,8324,20,0,7,0,20,,8325,20,0,7,0,60,,8326,20,0,7,0,20,,8327,20,0,7,0,20,,8328,20,0,7,0,60,,8329,20,0,7,0
1701,'2',603,,11721,20,0,7,0,53,,11722,1,,,0,85,,11723,1,,,0,85,,11724,1,,,0,85,,11725,1,,,0,45,,11726,1,,,0,85,,11727,1,,,0,85,,11728,1,,,0,85,,11729,1,,,0,30,,11730,1,,,0,70,,11746,1,,,0,30,,11731,1,,,0,70,,11732,1,,,0,30,,11747,1,,,0,70,,11733,1,,,0,30,,11734,1,,,0,70,,11748,1,,,0,30,,11735,1,,,0,70,,11736,1,,,0,30,,11749,1,,,0,70,,11737,1,,,0,30,,11738,1,,,0,70,,11750,1,,,0,30,,11739,1,,,0,85,,11740,1,,,0,85,,11741,1,,,0,45,,11742,1,,,0,85,,11743,1,,,0,85,,11744,1,,,0,85,,11745,1,,,0
1701,'3',911,,8348,1,,,0,45,,8349,1,,,0,85,,8350,1,,,0,85,,8351,1,,,0,85,,8352,1,,,0,45,,8353,1,,,0,85,,8354,1,,,0,85,,8355,1,,,0,85,,8356,1,,,0,45,,8357,1,,,0,85,,8358,1,,,0,85,,8359,1,,,0,85,,8360,1,,,0,45,,8361,1,,,0,85,,8362,1,,,0,85,,8363,1,,,0,85,,8364,1,,,0
4300,'1',623,,9119,10,,,0,30,,9120,10,,,0,68,,9121,10,,,0,30,,9122,10,,,0,70,,9123,10,,,0,30,,9124,10,,,0,69,,9125,10,,,0,27,,9126,10,,,0,70,,9127,10,,,0,30,,9128,10,,,0,70,,9129,10,,,0,30,,9130,10,,,0,70,,9131,10,,,0,30,,9132,10,,,0,70,,9133,10,,,0,30,,9134,10,,,0,70,,9135,10,,,0,30,,9136,10,,,0,68,,9137,10,,,0,30,,9138,10,,,0,70,,9139,10,,,0,30,,9140,10,,,0,70,,9141,10,,,0,30,,9142,10,,,0,70,,9143,10,,,0,27,,9144,10,,,0,70,,9145,10,,,0,100,,9146,10,,,0,100,,9147,10,,,0,100,,9148,10,,,0,100,,9149,10,,,0,100,,9150,10,,,0
4300,'13301',2512,,9151,10,,,0,100,,9152,10,,,0,100,,9153,10,,,0
4300,'2',642,,12115,10,,,0,100,,12116,10,,,0,100,,12117,10,,,0,100,,12118,10,,,0,100,,12119,10,,,0,70,,12133,10,,,0,30,,12120,10,,,0,70,,12134,10,,,0,30,,12121,10,,,0,70,,12135,10,,,0,30,,12122,10,,,0,70,,12136,10,,,0,30,,12123,10,,,0,70,,12137,10,,,0,30,,12124,10,,,0,70,,12138,10,,,0,30,,12125,10,,,0,70,,12139,10,,,0,30,,12126,10,,,0,70,,12140,10,,,0,30,,12127,10,,,0,100,,12128,10,,,0,100,,12129,10,,,0,100,,12130,10,,,0,100,,12131,10,,,0,100,,12132,10,,,0
4300,'3',842,,9154,10,,,0,100,,9155,10,,,0,100,,9156,10,,,0,100,,9157,10,,,0,100,,9158,10,,,0,100,,9159,10,,,0,100,,9160,10,,,0,100,,9161,10,,,0,100,,9162,10,,,0,100,,9163,10,,,0,100,,9164,10,,,0,100,,9165,10,,,0,100,,9166,10,,,0,100,,9167,10,,,0
4400,'1',630,,9221,10,,,0,70,,9222,10,,,0,28,,9223,10,,,0,30,,9224,10,,,0,70,,9225,10,,,0,30,,9226,10,,,0,69,,9227,10,,,0,28,,9228,10,,,0,70,,9229,10,,,0,30,,9230,10,,,0,70,,9231,10,,,0,30,,9232,10,,,0,70,,9233,10,,,0,30,,9234,10,,,0,70,,9235,10,,,0,30,,9236,10,,,0,70,,9237,10,,,0,30,,9238,10,,,0,68,,9239,10,,,0,30,,9240,10,,,0,70,,9241,10,,,0,30,,9242,10,,,0,70,,9243,10,,,0,30,,9244,10,,,0,99,,9245,10,,,0,100,,9246,10,,,0,100,,9247,10,,,0,100,,9248,10,,,0,100,,9249,10,,,0,101,,9250,10,,,0
4400,'13301',2452,,9251,10,,,0,100,,9252,10,,,0,100,,9253,10,,,0
4400,'2',722,,12176,10,,,0,100,,12175,10,,,0,100,,12174,10,,,0,100,,12173,10,,,0,100,,12178,10,,,0,30,,12179,10,,,0,70,,12180,10,,,0,30,,12181,10,,,0,70,,12182,10,,,0,30,,12183,10,,,0,70,,12184,10,,,0,30,,12185,10,,,0,70,,12186,10,,,0,30,,12187,10,,,0,70,,12188,10,,,0,30,,12189,10,,,0,70,,12190,10,,,0,30,,12191,10,,,0,70,,12192,10,,,0,30,,12193,10,,,0,70,,12172,10,,,0,100,,12171,10,,,0,100,,12170,10,,,0,100,,12169,10,,,0,100,,12168,10,,,0,100,,12167,10,,,0
4400,'3',922,,9266,10,,,0,100,,9265,10,,,0,100,,9261,10,,,0,100,,9260,10,,,0,100,,9259,10,,,0,100,,9258,10,,,0,100,,9257,10,,,0,100,,9256,10,,,0,100,,9255,10,,,0,100,,9254,10,,,0,100,,9264,10,,,0,100,,9263,10,,,0,100,,9262,10,,,0
4500,'1',608,,9318,10,,,0,29,,9319,10,,,0,68,,9320,10,,,0,30,,9321,10,,,0,70,,9322,10,,,0,30,,9323,10,,,0,70,,9324,10,,,0,29,,9325,10,,,0,70,,9326,10,,,0,30,,9327,10,,,0,70,,9328,10,,,0,30,,9329,10,,,0,70,,9330,10,,,0,30,,9331,10,,,0,70,,9332,10,,,0,30,,9333,10,,,0,70,,9334,10,,,0,30,,9335,10,,,0,70,,9336,10,,,0,27,,9337,10,,,0,70,,9338,10,,,0,30,,9339,10,,,0,70,,9340,10,,,0,30,,9341,10,,,0,93,,9342,10,,,0,108,,9343,10,,,0,100,,9344,10,,,0,100,,9345,10,,,0,100,,9346,10,,,0,100,,9347,10,,,0
4500,'13301',2432,,9348,10,,,0,100,,9349,10,,,0,100,,9350,10,,,0
4500,'2',702,,12230,10,,,0,100,,12229,10,,,0,100,,12228,10,,,0,100,,12227,10,,,0,100,,12221,10,,,0,30,,12232,10,,,0,70,,12233,10,,,0,30,,12234,10,,,0,70,,12235,10,,,0,30,,12236,10,,,0,70,,12237,10,,,0,30,,12238,10,,,0,70,,12239,10,,,0,30,,12240,10,,,0,70,,12241,10,,,0,30,,12242,10,,,0,70,,12243,10,,,0,30,,12244,10,,,0,70,,12245,10,,,0,30,,12246,10,,,0,70,,12247,10,,,0,100,,12226,10,,,0,100,,12225,10,,,0,100,,12224,10,,,0,100,,12223,10,,,0,100,,12222,10,,,0
4500,'3',902,,9363,10,,,0,100,,9362,10,,,0,100,,9351,10,,,0,100,,9361,10,,,0,100,,9360,10,,,0,100,,9359,10,,,0,100,,9358,10,,,0,100,,9357,10,,,0,100,,9356,10,,,0,100,,9355,10,,,0,100,,9354,10,,,0,101,,9353,10,,,0,99,,9352,10,,,0
4600,'1',615,,9412,10,,,0,29,,9413,10,,,0,68,,9414,10,,,0,30,,9415,10,,,0,70,,9416,10,,,0,30,,9417,10,,,0,71,,9418,10,,,0,29,,9419,10,,,0,70,,9420,10,,,0,30,,9421,10,,,0,70,,9422,10,,,0,30,,9423,10,,,0,70,,9424,10,,,0,30,,9425,10,,,0,70,,9426,10,,,0,30,,9427,10,,,0,70,,9428,10,,,0,29,,9429,10,,,0,66,,9430,10,,,0,30,,9431,10,,,0,70,,9432,10,,,0,30,,9433,10,,,0,70,,9434,10,,,0,30,,9435,10,,,0,70,,9436,10,,,0
