5001,'1',610,,9539,13,,,0,30,,9540,13,,,0,70,,9511,13,,,0,30,,9512,13,,,0,70,,9513,13,,,0,30,,9514,13,,,0,70,,9515,13,,,0,30,,9516,13,,,0,70,,9517,13,,,0,30,,9518,13,,,0,70,,9519,13,,,0,30,,9520,13,,,0,70,,9521,13,,,0,30,,9522,13,,,0,70,,9523,13,,,0,30,,9524,13,,,0,70,,9525,13,,,0,30,,9526,13,,,0,75,,9527,13,,,0,26,,9528,13,,,0,70,,9529,13,,,0,30,,9530,13,,,0,70,,9531,13,,,0,30,,9532,13,,,0,70,,9533,13,,,0,30,,9541,13,,,0,69,,9534,13,,,0,100,,9535,13,,,0,100,,9536,13,,,0,100,,9537,13,,,0,100,,9538,13,,,0,100,,9542,13,,,0
5001,'13301',2510,,9543,13,,,0,100,,9544,13,,,0,100,,9545,13,,,0
5001,'2',615,,12298,13,,,0,100,,12299,13,,,0,100,,12300,13,,,0,100,,12301,13,,,0,100,,12302,13,,,0,96,,12303,13,,,0,40,,12304,13,,,0,80,,12305,13,,,0,80,,12306,13,,,0,40,,12307,13,,,0,80,,12308,13,,,0,80,,12309,13,,,0,40,,12310,13,,,0,80,,12311,13,,,0,80,,12312,13,,,0,40,,12313,13,,,0,80,,12314,13,,,0,84,,12315,13,,,0,100,,12316,13,,,0,100,,12317,13,,,0,100,,12318,13,,,0,100,,12319,13,,,0,106,,12320,13,,,0
5001,'3',918,,9549,13,,,0,100,,9550,13,,,0,100,,9551,13,,,0,100,,9552,13,,,0,100,,9553,13,,,0,100,,9554,13,,,0,100,,9555,13,,,0,100,,9556,13,,,0,100,,9557,13,,,0,100,,9558,13,,,0,100,,9546,13,,,0,100,,9547,13,,,0,99,,9548,13,,,0
5501,'1',556,,9638,14,,,0,70,,9637,14,,,0,30,,9608,14,,,0,70,,9609,14,,,0,30,,9610,14,,,0,70,,9611,14,,,0,30,,9612,14,,,0,70,,9613,14,,,0,30,,9614,14,,,0,70,,9615,14,,,0,30,,9616,14,,,0,70,,9617,14,,,0,30,,9618,14,,,0,70,,9619,14,,,0,30,,9620,14,,,0,70,,9621,14,,,0,30,,9622,14,,,0,70,,9623,14,,,0,30,,9624,14,,,0,74,,9625,14,,,0,70,,9626,14,,,0,30,,9627,14,,,0,70,,9628,14,,,0,30,,9629,14,,,0,70,,9630,14,,,0,30,,9631,14,,,0,70,,9639,14,,,0,40,,9632,14,,,0,100,,9633,14,,,0,100,,9634,14,,,0,100,,9635,14,,,0,100,,9636,14,,,0
5501,'13301',2540,,9640,14,,,0,100,,9641,14,,,0,100,,9642,14,,,0
5501,'2',649,,12365,14,,,0,100,,12344,14,,,0,100,,12345,14,,,0,100,,12346,14,,,0,100,,12347,14,,,0,91,,12348,14,,,0,75,,12349,14,,,0,40,,12350,14,,,0,80,,12351,14,,,0,80,,12352,14,,,0,40,,12353,14,,,0,80,,12354,14,,,0,80,,12355,14,,,0,40,,12356,14,,,0,80,,12357,14,,,0,80,,12358,14,,,0,38,,12359,14,,,0,96,,12360,14,,,0,100,,12361,14,,,0,100,,12362,14,,,0,100,,12363,14,,,0,100,,12364,14,,,0
5501,'3',949,,9643,14,,,0,100,,9644,14,,,0,100,,9645,14,,,0,100,,9646,14,,,0,100,,9647,14,,,0,100,,9648,14,,,0,100,,9649,14,,,0,100,,9650,14,,,0,100,,9651,14,,,0,100,,9652,14,,,0,100,,9653,14,,,0,100,,9654,14,,,0,94,,9655,14,,,0
8601,'1',619,,10415,19,,,0,28,,10416,19,,,0,69,,10417,19,,,0,28,,10418,19,,,0,68,,10419,19,,,0,28,,10420,19,,,0,68,,10421,19,,,0,27,,10422,19,,,0,67,,10423,19,,,0,23,,10424,19,,,0,78,,10425,19,,,0,35,,10426,19,,,0,75,,10427,19,,,0,35,,10428,19,,,0,75,,10429,19,,,0,35,,10430,19,,,0,69,,10431,19,,,0,76,,10432,19,,,0,33,,10433,19,,,0,23,,10434,19,,,0,65,,10435,19,,,0,28,,10436,19,,,0,68,,10437,19,,,0,28,,10438,19,,,0,68,,10439,19,,,0,28,,10440,19,,,0,65,,10441,19,,,0,38,,10442,19,,,0,80,,10443,19,,,0,80,,10444,19,,,0,40,,10445,19,,,0,80,,10446,19,,,0,80,,10447,19,,,0,40,,10448,19,,,0,80,,10449,19,,,0
8601,'13301',2507,,10450,19,,,0,40,,10451,19,,,0,80,,10452,19,,,0,80,,10453,19,,,0
8601,'2',632,,12739,19,,,0,80,,12740,19,,,0,40,,12741,19,,,0,80,,12742,19,,,0,80,,12743,19,,,0,40,,12744,19,,,0,80,,12745,19,,,0,80,,12746,19,,,0,40,,12747,19,,,0,75,,12748,19,,,0,25,,12749,19,,,0,65,,12750,19,,,0,25,,12751,19,,,0,65,,12752,19,,,0,25,,12753,19,,,0,25,,12754,19,,,0,65,,12755,19,,,0,25,,12756,19,,,0,65,,12757,19,,,0,25,,12758,19,,,0,65,,12759,19,,,0,25,,12760,19,,,0,25,,12761,19,,,0,65,,12762,19,,,0,25,,12763,19,,,0,65,,12764,19,,,0,25,,12765,19,,,0,80,,12766,19,,,0,40,,12767,19,,,0,80,,12768,19,,,0,80,,12769,19,,,0,40,,12770,19,,,0,80,,12771,19,,,0,80,,12772,19,,,0
8601,'3',929,,10454,19,,,0,80,,10455,19,,,0,40,,10456,19,,,0,80,,10457,19,,,0,80,,10458,19,,,0,40,,10459,19,,,0,80,,10460,19,,,0,80,,10461,19,,,0,40,,10462,19,,,0,80,,10463,19,,,0,80,,10464,19,,,0,40,,10465,19,,,0,80,,10466,19,,,0,80,,10467,19,,,0,40,,10468,19,,,0,80,,10469,19,,,0,80,,10470,19,,,0,40,,10471,19,,,0,80,,10472,19,,,0
