1600,'1',630,,7990,8,,,0,72,,7991,8,,,0,32,,7992,8,,,0,72,,7993,8,,,0,32,,7994,8,,,0,72,,7995,8,,,0,32,,7996,8,,,0,72,,7997,8,,,0,32,,7998,8,,,0,72,,7999,8,,,0,32,,8000,8,,,0,72,,8010,8,,,0,32,,8011,8,,,0,72,,8001,8,,,0,32,,8002,8,,,0,72,,8003,8,,,0,72,,8004,8,,,0,32,,8005,8,,,0,72,,8006,8,,,0,32,,8007,8,,,0,72,,8008,8,,,0,32,,8012,8,,,0,72,,8009,8,,,0,31,,8013,8,,,0,75,,8014,8,,,0,100,,8015,8,,,0,100,,8016,8,,,0,100,,8017,8,,,0,100,,8018,8,,,0,100,,8019,8,,,0
1600,'13301',2520,,8020,8,,,0,100,,8021,8,,,0,100,,8022,8,,,0
1600,'2',623,,11583,8,,,0,100,,11584,8,,,0,100,,11585,8,,,0,100,,11586,8,,,0,100,,11587,8,,,0,103,,11588,8,,,0,74,,11589,8,,,0,32,,11590,8,,,0,72,,11591,8,,,0,32,,11592,8,,,0,72,,11593,8,,,0,32,,11594,8,,,0,72,,11595,8,,,0,32,,11596,8,,,0,72,,11597,8,,,0,32,,11598,8,,,0,72,,11599,8,,,0,32,,11600,8,,,0,72,,11601,8,,,0,31,,11602,8,,,0,100,,11603,8,,,0,100,,11604,8,,,0,100,,11605,8,,,0,100,,11606,8,,,0,100,,11607,8,,,0
1600,'3',819,,8036,8,,,0,100,,8023,8,,,0,100,,8024,8,,,0,100,,8025,8,,,0,100,,8026,8,,,0,100,,8027,8,,,0,100,,8028,8,,,0,100,,8029,8,,,0,100,,8030,8,,,0,100,,8031,8,,,0,100,,8032,8,,,0,100,,8033,8,,,0,100,,8034,8,,,0,101,,8035,8,,,0
1701,'1',600,,8256,18,0,7,0,21,,8225,18,0,7,0,20,,8226,18,0,7,0,60,,8227,18,0,7,0,20,,8228,18,0,7,0,20,,8229,18,0,7,0,60,,8230,18,0,7,0,20,,8231,18,0,7,0,20,,8232,18,0,7,0,60,,8233,18,0,7,0,20,,8234,18,0,7,0,20,,8244,18,0,7,0,75,,8245,18,0,7,0,25,,8246,18,0,7,0,70,,8247,18,0,7,0,35,,8248,18,0,7,0,70,,8249,18,0,7,0,30,,8250,18,0,7,0,70,,8251,18,0,7,0,30,,8252,18,0,7,0,70,,8253,18,0,7,0,30,,8254,18,0,7,0,58,,8255,18,0,7,0,20,,8235,18,0,7,0,20,,8236,18,0,7,0,60,,8237,18,0,7,0,20,,8238,18,0,7,0,20,,8239,18,0,7,0,60,,8240,18,0,7,0,20,,8241,18,0,7,0,20,,8242,18,0,7,0,60,,8243,18,0,7,0,20,,8282,18,0,7,0,20,,8265,18,0,7,0,78,,8257,18,0,7,0,85,,8258,18,0,7,0,45,,8259,18,0,7,0,85,,8260,18,0,7,0,85,,8261,18,0,7,0,85,,8262,18,0,7,0,45,,8263,18,0,7,0,85,,8264,18,0,7,0
1701,'13301',2522,,8307,18,0,7,0,85,,8308,18,0,7,0,45,,8309,18,0,7,0,85,,8310,18,0,7,0
1701,'14001',730,,8315,18,0,7,0,20,,8316,18,0,7,0,60,,8317,18,0,7,0,20,,8318,18,0,7,0,20,,8319,18,0,7,0,60,,8320,18,0,7,0,20,,8321,18,0,7,0,19,,8322,18,0,7,0,604,,8330,18,0,7,0,60,,8323,18,0,7,0,20,,8324,18,0,7,0,20,,8325,18,0,7,0,60,,8326,18,0,7,0,20,,8327,18,0,7,0,20,,8328,18,0,7,0,60,,8329,18,0,7,0
1701,'2',602,,11721,18,0,7,0,51,,11692,18,0,7,0,85,,11693,18,0,7,0,85,,11694,18,0,7,0,85,,11695,18,0,7,0,45,,11696,18,0,7,0,85,,11697,18,0,7,0,85,,11698,18,0,7,0,85,,11699,18,0,7,0,30,,11700,18,0,7,0,70,,11701,18,0,7,0,30,,11702,18,0,7,0,70,,11703,18,0,7,0,30,,11704,18,0,7,0,70,,11705,18,0,7,0,30,,11706,18,0,7,0,70,,11707,18,0,7,0,30,,11708,18,0,7,0,70,,11709,18,0,7,0,30,,11710,18,0,7,0,70,,11711,18,0,7,0,30,,11712,18,0,7,0,70,,11715,18,0,7,0,30,,11713,18,0,7,0,85,,11717,18,0,7,0,85,,11714,18,0,7,0,45,,11719,18,0,7,0,85,,11716,18,0,7,0,85,,11720,18,0,7,0,85,,11718,18,0,7,0
1701,'3',908,,8347,18,0,7,0,45,,8331,18,0,7,0,85,,8332,18,0,7,0,85,,8333,18,0,7,0,85,,8334,18,0,7,0,45,,8335,18,0,7,0,85,,8336,18,0,7,0,85,,8337,18,0,7,0,85,,8338,18,0,7,0,45,,8339,18,0,7,0,85,,8340,18,0,7,0,85,,8341,18,0,7,0,85,,8342,18,0,7,0,45,,8343,18,0,7,0,85,,8344,18,0,7,0,85,,8345,18,0,7,0,85,,8346,18,0,7,0
4300,'1',621,,9119,8,,,0,30,,9120,8,,,0,67,,9121,8,,,0,30,,9122,8,,,0,70,,9123,8,,,0,30,,9124,8,,,0,69,,9125,8,,,0,27,,9126,8,,,0,70,,9127,8,,,0,30,,9128,8,,,0,70,,9129,8,,,0,30,,9130,8,,,0,70,,9131,8,,,0,30,,9132,8,,,0,70,,9133,8,,,0,30,,9134,8,,,0,70,,9135,8,,,0,30,,9136,8,,,0,68,,9137,8,,,0,30,,9138,8,,,0,70,,9139,8,,,0,30,,9140,8,,,0,70,,9141,8,,,0,30,,9142,8,,,0,70,,9143,8,,,0,28,,9144,8,,,0,70,,9145,8,,,0,100,,9146,8,,,0,100,,9147,8,,,0,100,,9148,8,,,0,100,,9149,8,,,0,100,,9150,8,,,0
4300,'13301',2510,,9151,8,,,0,100,,9152,8,,,0,100,,9153,8,,,0
4300,'2',640,,12115,8,,,0,100,,12116,8,,,0,100,,12117,8,,,0,100,,12118,8,,,0,100,,12119,8,,,0,70,,12133,8,,,0,30,,12120,8,,,0,70,,12134,8,,,0,30,,12121,8,,,0,70,,12135,8,,,0,30,,12122,8,,,0,70,,12136,8,,,0,30,,12123,8,,,0,70,,12137,8,,,0,30,,12124,8,,,0,70,,12138,8,,,0,30,,12125,8,,,0,70,,12139,8,,,0,30,,12126,8,,,0,70,,12140,8,,,0,30,,12127,8,,,0,100,,12128,8,,,0,100,,12129,8,,,0,100,,12130,8,,,0,100,,12131,8,,,0,100,,12132,8,,,0
4300,'3',840,,9154,8,,,0,100,,9155,8,,,0,100,,9156,8,,,0,100,,9157,8,,,0,100,,9158,8,,,0,100,,9159,8,,,0,100,,9160,8,,,0,100,,9161,8,,,0,100,,9162,8,,,0,100,,9163,8,,,0,100,,9164,8,,,0,100,,9165,8,,,0,100,,9166,8,,,0,100,,9167,8,,,0
4400,'1',628,,9221,8,,,0,30,,9222,8,,,0,67,,9223,8,,,0,30,,9224,8,,,0,70,,9225,8,,,0,30,,9226,8,,,0,69,,9227,8,,,0,28,,9228,8,,,0,70,,9229,8,,,0,30,,9230,8,,,0,70,,9231,8,,,0,30,,9232,8,,,0,70,,9233,8,,,0,30,,9234,8,,,0,70,,9235,8,,,0,30,,9236,8,,,0,70,,9237,8,,,0,30,,9238,8,,,0,68,,9239,8,,,0,30,,9240,8,,,0,70,,9241,8,,,0,30,,9242,8,,,0,70,,9243,8,,,0,30,,9244,8,,,0,100,,9245,8,,,0,100,,9246,8,,,0,100,,9247,8,,,0,100,,9248,8,,,0,100,,9249,8,,,0,101,,9250,8,,,0
4400,'13301',2450,,9251,8,,,0,100,,9252,8,,,0,100,,9253,8,,,0
4400,'2',720,,12176,8,,,0,100,,12175,8,,,0,100,,12174,8,,,0,100,,12173,8,,,0,100,,12178,8,,,0,30,,12179,8,,,0,70,,12180,8,,,0,30,,12181,8,,,0,70,,12182,8,,,0,30,,12183,8,,,0,70,,12184,8,,,0,30,,12185,8,,,0,70,,12186,8,,,0,30,,12187,8,,,0,70,,12188,8,,,0,30,,12189,8,,,0,70,,12190,8,,,0,30,,12191,8,,,0,70,,12192,8,,,0,30,,12193,8,,,0,70,,12172,8,,,0,100,,12171,8,,,0,100,,12170,8,,,0,100,,12169,8,,,0,100,,12168,8,,,0,100,,12167,8,,,0
4400,'3',920,,9266,8,,,0,100,,9265,8,,,0,100,,9261,8,,,0,100,,9260,8,,,0,100,,9259,8,,,0,100,,9258,8,,,0,100,,9257,8,,,0,100,,9256,8,,,0,100,,9255,8,,,0,100,,9254,8,,,0,100,,9264,8,,,0,100,,9263,8,,,0,100,,9262,8,,,0
4500,'1',606,,9318,8,,,0,29,,9319,8,,,0,67,,9320,8,,,0,30,,9321,8,,,0,70,,9322,8,,,0,30,,9323,8,,,0,70,,9324,8,,,0,29,,9325,8,,,0,70,,9326,8,,,0,30,,9327,8,,,0,70,,9328,8,,,0,30,,9329,8,,,0,70,,9330,8,,,0,30,,9331,8,,,0,70,,9332,8,,,0,30,,9333,8,,,0,70,,9334,8,,,0,30,,9335,8,,,0,70,,9336,8,,,0,27,,9337,8,,,0,30,,9338,8,,,0,70,,9339,8,,,0,30,,9340,8,,,0,70,,9341,8,,,0,93,,9342,8,,,0,109,,9343,8,,,0,100,,9344,8,,,0,100,,9345,8,,,0,100,,9346,8,,,0,100,,9347,8,,,0
4500,'13301',2430,,9348,8,,,0,100,,9349,8,,,0,100,,9350,8,,,0
4500,'2',700,,12230,8,,,0,100,,12229,8,,,0,100,,12228,8,,,0,100,,12227,8,,,0,100,,12221,8,,,0,30,,12232,8,,,0,70,,12233,8,,,0,30,,12234,8,,,0,70,,12235,8,,,0,30,,12236,8,,,0,70,,12237,8,,,0,30,,12238,8,,,0,70,,12239,8,,,0,30,,12240,8,,,0,70,,12241,8,,,0,30,,12242,8,,,0,70,,12243,8,,,0,30,,12244,8,,,0,70,,12245,8,,,0,30,,12246,8,,,0,70,,12247,8,,,0,100,,12226,8,,,0,100,,12225,8,,,0,100,,12224,8,,,0,100,,12223,8,,,0,100,,12222,8,,,0
4500,'3',900,,9363,8,,,0,100,,9362,8,,,0,100,,9351,8,,,0,100,,9361,8,,,0,100,,9360,8,,,0,100,,9359,8,,,0,100,,9358,8,,,0,100,,9357,8,,,0,100,,9356,8,,,0,100,,9355,8,,,0,100,,9354,8,,,0,101,,9353,8,,,0,99,,9352,8,,,0
4600,'1',613,,9412,8,,,0,29,,9413,8,,,0,67,,9414,8,,,0,30,,9415,8,,,0,70,,9416,8,,,0,30,,9417,8,,,0,71,,9418,8,,,0,29,,9419,8,,,0,70,,9420,8,,,0,30,,9421,8,,,0,70,,9422,8,,,0,30,,9423,8,,,0,70,,9424,8,,,0,30,,9425,8,,,0,70,,9426,8,,,0,30,,9427,8,,,0,70,,9428,8,,,0,29,,9429,8,,,0,66,,9430,8,,,0,30,,9431,8,,,0,70,,9432,8,,,0,30,,9433,8,,,0,70,,9434,8,,,0,30,,9435,8,,,0,70,,9436,8,,,0
