700,'1',644,,7035,32,,,0,70,,7005,32,,,0,32,,7006,32,,,0,70,,7007,32,,,0,30,,7008,32,,,0,70,,7009,32,,,0,30,,7010,32,,,0,70,,7011,32,,,0,30,,7012,32,,,0,70,,7013,32,,,0,30,,7014,32,,,0,70,,7015,32,,,0,30,,7016,32,,,0,70,,7017,32,,,0,30,,7018,32,,,0,70,,7019,32,,,0,30,,7020,32,,,0,70,,7021,32,,,0,31,,7022,32,,,0,70,,7023,32,,,0,30,,7024,32,,,0,70,,7025,32,,,0,30,,7026,32,,,0,70,,7027,32,,,0,30,,7028,32,,,0,98,,7029,32,,,0,100,,7030,32,,,0,100,,7031,32,,,0,100,,7032,32,,,0,97,,7033,32,,,0,101,,7034,32,,,0
700,'13301',2543,,7036,32,,,0,100,,7037,32,,,0,100,,7038,32,,,0
700,'2',747,,11043,32,,,0,100,,11044,32,,,0,100,,11045,32,,,0,100,,11046,32,,,0,100,,11047,32,,,0,70,,11048,32,,,0,30,,11049,32,,,0,70,,11050,32,,,0,30,,11051,32,,,0,70,,11052,32,,,0,30,,11053,32,,,0,70,,11054,32,,,0,31,,11055,32,,,0,70,,11056,32,,,0,30,,11057,32,,,0,70,,11058,32,,,0,30,,11059,32,,,0,70,,11060,32,,,0,30,,11061,32,,,0,100,,11062,32,,,0,100,,11063,32,,,0,100,,11064,32,,,0,100,,11065,32,,,0,96,,11066,32,,,0,99,,11067,32,,,0
700,'3',947,,7039,32,,,0,100,,7040,32,,,0,100,,7041,32,,,0,100,,7042,32,,,0,100,,7043,32,,,0,100,,7044,32,,,0,100,,7045,32,,,0,100,,7046,32,,,0,100,,7047,32,,,0,100,,7048,32,,,0,100,,7049,32,,,0,97,,7050,32,,,0,101,,7051,32,,,0
701,'1',607,,7083,18,,,0,30,,7082,18,,,0,70,,7081,18,,,0,31,,7080,18,,,0,70,,7079,18,,,0,30,,7078,18,,,0,70,,7077,18,,,0,30,,7076,18,,,0,70,,7075,18,,,0,30,,7074,18,,,0,70,,7073,18,,,0,30,,7072,18,,,0,70,,7071,18,,,0,30,,7070,18,,,0,70,,7069,18,,,0,30,,7068,18,,,0,70,,7067,18,,,0,30,,7066,18,,,0,70,,7065,18,,,0,30,,7064,18,,,0,70,,7063,18,,,0,30,,7062,18,,,0,70,,7061,18,,,0,30,,7060,18,,,0,70,,7059,18,,,0,30,,7058,18,,,0,68,,7057,18,,,0,100,,7056,18,,,0,100,,7055,18,,,0,100,,7054,18,,,0,100,,7053,18,,,0,52,,7052,18,,,0
701,'13301',2504,,7084,18,,,0,100,,7085,18,,,0,100,,7086,18,,,0
701,'2',708,,11093,18,,,0,100,,11092,18,,,0,100,,11091,18,,,0,100,,11090,18,,,0,100,,11089,18,,,0,30,,11088,18,,,0,70,,11087,18,,,0,30,,11086,18,,,0,70,,11085,18,,,0,30,,11084,18,,,0,70,,11083,18,,,0,30,,11082,18,,,0,70,,11081,18,,,0,30,,11080,18,,,0,70,,11079,18,,,0,30,,11078,18,,,0,70,,11077,18,,,0,30,,11076,18,,,0,70,,11075,18,,,0,30,,11074,18,,,0,70,,11073,18,,,0,100,,11072,18,,,0,100,,11071,18,,,0,100,,11070,18,,,0,100,,11069,18,,,0,92,,11068,18,,,0
701,'3',908,,7099,18,,,0,100,,7098,18,,,0,100,,7097,18,,,0,100,,7096,18,,,0,100,,7095,18,,,0,100,,7094,18,,,0,100,,7093,18,,,0,100,,7092,18,,,0,100,,7091,18,,,0,100,,7090,18,,,0,100,,7089,18,,,0,100,,7088,18,,,0,92,,7087,18,,,0
2200,'1',1656,,8563,35,,,0,70,,8564,35,,,0,30,,8565,35,,,0
2200,'1201',1556,,8566,35,,,0,70,,8567,35,,,0
2200,'12801',1556,,8568,35,,,0,70,,8569,35,,,0
