700,'1',646,,7035,36,,,0,70,,7005,36,,,0,32,,7006,36,,,0,70,,7007,36,,,0,30,,7008,36,,,0,70,,7009,36,,,0,30,,7010,36,,,0,70,,7011,36,,,0,30,,7012,36,,,0,70,,7013,36,,,0,30,,7014,36,,,0,70,,7015,36,,,0,30,,7016,36,,,0,70,,7017,36,,,0,30,,7018,36,,,0,70,,7019,36,,,0,30,,7020,36,,,0,70,,7021,36,,,0,31,,7022,36,,,0,70,,7023,36,,,0,30,,7024,36,,,0,70,,7025,36,,,0,30,,7026,36,,,0,70,,7027,36,,,0,30,,7028,36,,,0,98,,7029,36,,,0,100,,7030,36,,,0,100,,7031,36,,,0,100,,7032,36,,,0,97,,7033,36,,,0,101,,7034,36,,,0
700,'13301',2545,,7036,36,,,0,100,,7037,36,,,0,100,,7038,36,,,0
700,'2',749,,11043,36,,,0,100,,11044,36,,,0,100,,11045,36,,,0,100,,11046,36,,,0,100,,11047,36,,,0,70,,11048,36,,,0,30,,11049,36,,,0,70,,11050,36,,,0,30,,11051,36,,,0,70,,11052,36,,,0,30,,11053,36,,,0,70,,11054,36,,,0,31,,11055,36,,,0,70,,11056,36,,,0,30,,11057,36,,,0,70,,11058,36,,,0,30,,11059,36,,,0,70,,11060,36,,,0,30,,11061,36,,,0,100,,11062,36,,,0,100,,11063,36,,,0,100,,11064,36,,,0,100,,11065,36,,,0,96,,11066,36,,,0,99,,11067,36,,,0
700,'3',949,,7039,36,,,0,100,,7040,36,,,0,100,,7041,36,,,0,100,,7042,36,,,0,100,,7043,36,,,0,100,,7044,36,,,0,100,,7045,36,,,0,100,,7046,36,,,0,100,,7047,36,,,0,100,,7048,36,,,0,100,,7049,36,,,0,97,,7050,36,,,0,101,,7051,36,,,0
2200,'1',1658,,8563,39,,,0,70,,8564,39,,,0,30,,8565,39,,,0
2200,'1201',1558,,8566,39,,,0,70,,8567,39,,,0
2200,'12801',1558,,8568,39,,,0,70,,8569,39,,,0
6300,'1',603,,9923,21,,,0,30,,9922,21,,,0,70,,9921,21,,,0,30,,9920,21,,,0,74,,9919,21,,,0,26,,9918,21,,,0,70,,9917,21,,,0,30,,9916,21,,,0,70,,9915,21,,,0,30,,9914,21,,,0,70,,9913,21,,,0,30,,9912,21,,,0,70,,9911,21,,,0,30,,9910,21,,,0,70,,9909,21,,,0,30,,9908,21,,,0,70,,9907,21,,,0,30,,9906,21,,,0,70,,9905,21,,,0,30,,9904,21,,,0,70,,9903,21,,,0,30,,9902,21,,,0,70,,9901,21,,,0,30,,9900,21,,,0,70,,9899,21,,,0,30,,9898,21,,,0,70,,9897,21,,,0,100,,9896,21,,,0,100,,9895,21,,,0,100,,9894,21,,,0,100,,9893,21,,,0,100,,9892,21,,,0
6300,'1201',803,,9924,21,,,0
6300,'13301',2603,,9925,21,,,0,100,,9926,21,,,0
6300,'2',603,,12499,21,,,0,100,,12498,21,,,0,100,,12497,21,,,0,100,,12496,21,,,0,100,,12495,21,,,0,100,,12494,21,,,0,30,,12493,21,,,0,70,,12492,21,,,0,30,,12491,21,,,0,70,,12490,21,,,0,30,,12489,21,,,0,70,,12488,21,,,0,30,,12487,21,,,0,70,,12486,21,,,0,30,,12485,21,,,0,70,,12484,21,,,0,30,,12483,21,,,0,70,,12482,21,,,0,30,,12481,21,,,0,70,,12480,21,,,0,30,,12479,21,,,0,70,,12478,21,,,0,100,,12477,21,,,0,100,,12476,21,,,0,100,,12475,21,,,0,100,,12474,21,,,0,100,,12473,21,,,0
6300,'3',903,,9939,21,,,0,100,,9938,21,,,0,100,,9937,21,,,0,100,,9936,21,,,0,100,,9935,21,,,0,100,,9934,21,,,0,100,,9933,21,,,0,100,,9932,21,,,0,100,,9931,21,,,0,100,,9930,21,,,0,100,,9929,21,,,0,100,,9928,21,,,0,100,,9927,21,,,0
