501,'1',625,,6865,21,,,0,30,,6840,21,,,0,70,,6841,21,,,0,30,,6842,21,,,0,70,,6843,21,,,0,30,,6844,21,,,0,70,,6845,21,,,0,30,,6846,21,,,0,70,,6847,21,,,0,30,,6848,21,,,0,70,,6849,21,,,0,30,,6850,21,,,0,70,,6851,21,,,0,30,,6852,21,,,0,70,,6853,21,,,0,30,,6854,21,,,0,70,,6855,21,,,0,30,,6856,21,,,0,70,,6857,21,,,0,30,,6858,21,,,0,70,,6859,21,,,0,30,,6860,21,,,0,70,,6861,21,,,0,30,,6862,21,,,0,70,,6863,21,,,0,30,,6864,21,,,0,154,,6871,21,,,0,100,,6872,21,,,0,100,,6873,21,,,0,100,,6874,21,,,0,100,,6875,21,,,0
501,'1201',1540,,6876,13,,,0
501,'13301',2509,,6877,21,,,0,100,,6878,21,,,0,100,,6879,21,,,0
501,'2',709,,10989,21,,,0,100,,10987,21,,,0,100,,10985,21,,,0,100,,10983,21,,,0,116,,10981,21,,,0,30,,10980,21,,,0,70,,10979,21,,,0,30,,10978,21,,,0,70,,10977,21,,,0,30,,10976,21,,,0,70,,10975,21,,,0,30,,10974,21,,,0,70,,10973,21,,,0,30,,10972,21,,,0,70,,10971,21,,,0,30,,10970,21,,,0,70,,10969,21,,,0,30,,10968,21,,,0,70,,10967,21,,,0,30,,10966,21,,,0,154,,10965,21,,,0,100,,10964,21,,,0,100,,10963,21,,,0,100,,10962,21,,,0,100,,10961,21,,,0
501,'3',909,,6907,21,,,0,100,,6905,21,,,0,100,,6903,21,,,0,100,,6901,21,,,0,100,,6899,21,,,0,100,,6897,21,,,0,100,,6895,21,,,0,100,,6893,21,,,0,100,,6891,21,,,0,100,,6889,21,,,0,100,,6888,21,,,0,100,,6887,21,,,0,100,,6886,21,,,0
701,'1',622,,7083,39,,,0,30,,7082,39,,,0,70,,7081,39,,,0,33,,7080,39,,,0,70,,7079,39,,,0,30,,7078,39,,,0,70,,7077,39,,,0,30,,7076,39,,,0,70,,7075,39,,,0,30,,7074,39,,,0,70,,7073,39,,,0,30,,7072,39,,,0,70,,7071,39,,,0,30,,7070,39,,,0,70,,7069,39,,,0,30,,7068,39,,,0,70,,7067,39,,,0,30,,7066,39,,,0,70,,7065,39,,,0,30,,7064,39,,,0,70,,7063,39,,,0,30,,7062,39,,,0,70,,7061,39,,,0,30,,7060,39,,,0,70,,7059,39,,,0,30,,7058,39,,,0,67,,7057,39,,,0,100,,7056,39,,,0,100,,7055,39,,,0,100,,7054,39,,,0,100,,7053,39,,,0,91,,7052,39,,,0
701,'13301',2519,,7084,39,,,0,100,,7085,39,,,0,100,,7086,39,,,0
701,'2',724,,11093,39,,,0,100,,11092,39,,,0,100,,11091,39,,,0,100,,11090,39,,,0,100,,11089,39,,,0,30,,11088,39,,,0,70,,11087,39,,,0,30,,11086,39,,,0,70,,11085,39,,,0,30,,11084,39,,,0,70,,11083,39,,,0,30,,11082,39,,,0,70,,11081,39,,,0,30,,11080,39,,,0,70,,11079,39,,,0,30,,11078,39,,,0,70,,11077,39,,,0,30,,11076,39,,,0,70,,11075,39,,,0,30,,11074,39,,,0,70,,11073,39,,,0,100,,11072,39,,,0,100,,11071,39,,,0,100,,11070,39,,,0,100,,11069,39,,,0,90,,11068,39,,,0
701,'3',924,,7099,39,,,0,100,,7098,39,,,0,100,,7097,39,,,0,100,,7096,39,,,0,100,,7095,39,,,0,100,,7094,39,,,0,100,,7093,39,,,0,100,,7092,39,,,0,100,,7091,39,,,0,100,,7090,39,,,0,100,,7089,39,,,0,100,,7088,39,,,0,90,,7087,39,,,0
2201,'1',656,,8573,40,,,0,79,,8572,40,,,0,70,,8574,40,,,0,30,,8571,40,,,0,70,,8570,40,,,0
